128 128
2228 9467 5100 5576 6458 307 3810 7591 7990 5523 7707 7339 811 9643 3448 2023 5761 5949 6211 2088 388 7483 4204 9226 4266 6583 9859 8113 1111 634 6448 4391 9474 5115 2764 1319 6553 4913 160 6021 6949 7347 4105 2507 7766 7101 5145 8642 8963 7576 9858 1315 3218 9972 8492 2108 5493 4500 4894 716 1243 5581 4310 4776 1284 2282 3660 9245 2122 1139 2589 9405 4106 4921 8104 5303 4877 4921 8042 6236 8691 4885 212 56 7014 9228 145 8364 9285 6423 6462 6665 6023 6328 3905 942 684 7689 3212 6349 4893 4665 5419 918 3905 4994 8375 1813 2503 9711 8112 795 1359 3772 1509 1410 9504 3730 1632 6982 1925 6201 1373 5917 2090 4216 3352 6500
6675 2412 9189 7432 5833 4336 1751 1568 7691 6367 9650 5866 3364 7136 1096 7566 700 6810 9105 4672 3306 7998 5607 5655 3046 9862 2689 329 3202 4112 9129 5127 2729 2487 1385 9504 619 7775 6479 5874 6476 7414 6754 3895 1097 4509 1545 7140 9474 478 6111 1998 4007 8709 4770 5126 3120 5267 9244 4311 8989 5985 2892 6149 9685 1522 6218 6629 8068 9157 6876 1306 3644 7422 5381 8370 6395 1564 1405 5960 2142 2829 5012 7401 2767 7363 567 4138 161 7407 1809 1495 2797 2371 938 3507 1945 1624 294 3272 1711 7745 1610 8412 9732 5272 3745 6071 3770 8581 7973 4182 5554 2167 8126 8836 5651 8318 1419 9943 8312 6556 8824 8153 7928 7217 7525 1982
7402 5846 852 7372 4678 3642 8600 2354 5680 3818 3132 2020 9032 4062 2470 9479 7958 2059 6707 2076 7427 4681 6459 209 9235 1930 5826 1605 7789 9289 1266 7138 7017 291 8211 5309 4914 9746 3124 865 40 595 2368 9165 4924 3566 1417 7368 3824 6303 2462 6089 4376 3580 1254 246 5125 7501 3776 5556 3783 9398 210 6092 1279 8326 3661 380 9262 3961 7420 6487 4098 3492 3579 5842 3891 726 4340 6472 8203 2179 2402 133 9327 8771 4414 7872 8918 6915 5940 4398 9614 330 7237 3385 7732 5793 3837 893 708 4250 3602 7214 9035 984 7048 4446 3317 789 3636 9392 1890 9238 3369 6543 5307 9549 9011 3861 20 2479 7711 2721 3544 4588 4234 3030
2250 6724 6322 3990 2253 6123 5610 4919 8339 1771 4576 3955 5111 3228 882 4166 495 9824 7454 9104 1185 3108 7040 948 4397 8074 9358 84 8427 6250 5251 3418 5836 81 30 1612 159 580 2939 3359 1852 180 1011 7560 5782 3045 4788 2677 6721 8790 7454 629 962 7469 2350 7586 2367 5892 6583 1714 7301 7332 5052 2155 9930 3927 491 10 6524 6082 2680 5176 4391 8005 8536 7606 4969 4714 8320 7530 7593 5250 9754 6597 3336 9551 5055 5680 2272 9088 2916 7858 4655 5947 1601 2256 6576 9374 9176 5787 2016 1703 5912 3353 9346 1052 7694 9633 5327 1803 6814 6084 1766 1427 4888 4749 1794 8273 6122 3849 6494 7043 5800 3497 3435 7712 4978 5469
8858 5048 1463 9765 7779 9899 5828 7476 8192 3878 8743 8631 5674 702 9494 2926 7083 1296 2274 3684 8851 4068 9423 3605 5858 8778 6691 1233 7061 2602 1339 5981 6120 8772 7925 5519 1761 8732 1405 5290 4583 7446 3680 3157 8618 4428 3667 4751 5157 1135 9943 708 1521 8595 8287 6691 2495 6594 361 9535 9866 645 6316 7089 5180 8737 9740 1119 5746 3917 2935 8095 6621 5785 3346 6516 3491 1575 6921 4353 2415 3515 5047 3542 2098 2197 2067 1592 2607 5590 4886 8983 8148 7312 8550 7007 1924 2661 6286 6104 9963 382 5800 6879 770 3430 170 1506 1291 6890 6970 6984 7593 6648 2321 8232 3182 8833 1622 5710 2942 6068 6555 7167 4152 2552 8876 9909
4239 6597 3380 9700 6374 8914 4612 970 895 5103 1032 8760 9657 9163 9275 7317 273 6300 5459 3993 6556 1120 9933 8308 3027 9450 3982 5493 5519 7153 2562 248 1826 2046 4203 886 3785 1241 8823 9537 7849 702 7002 3944 5569 3622 2328 515 8182 2395 2534 3830 2015 2697 2564 5142 2933 4420 174 3520 172 9895 2004 5702 4603 3682 1375 4351 7071 146 6603 4462 8981 5804 3173 9128 9312 5943 6032 5671 7935 2502 8014 3429 6104 1404 9904 17 911 8283 6964 2416 2174 7973 1333 24 6057 2016 1333 4129 4141 8058 8887 1408 4185 5702 210 3579 9872 1665 8311 7634 5575 3609 1183 1278 9082 3643 7145 5313 4485 8404 8174 2740 4358 7464 4132 5296
208 9169 1003 2749 5569 3326 2645 9830 3002 3458 7607 658 8260 1842 49 6405 5060 7726 8490 6468 6499 4316 7120 6869 3940 7323 9762 8371 4136 916 824 6974 8444 8451 5864 1526 8941 4654 3450 199 9833 6958 2859 2792 2536 4293 4187 5173 3840 7120 7396 3780 4597 8401 2 6880 1927 9862 4350 2578 7771 3291 4367 4832 5469 2905 1322 3514 9178 9696 7794 253 6203 9157 2965 1039 7309 9758 7401 9934 6806 4727 7158 7212 758 3753 4672 4054 9397 6784 1411 1119 2212 5357 4026 8807 9766 326 9276 5907 8274 8163 8415 9618 5916 7030 7888 3968 4879 6227 713 1969 2693 4925 1196 4579 8176 6630 9274 2656 7518 801 3673 633 811 4133 6715 6098
5233 9510 3553 2058 969 4036 2783 7990 5658 9006 8503 2190 2647 4117 1963 3583 2554 2557 9125 4406 9548 6757 1553 7193 992 5889 5399 9084 2977 6680 1429 7873 8038 5911 7982 9165 5815 5836 2691 5020 4190 4124 254 6502 6646 1339 507 7099 8006 8114 6239 4576 45 3487 24 4827 7130 3226 5049 2505 9118 8982 981 3435 8040 6507 3786 3840 2996 7907 7396 3634 3205 9369 4055 4756 2381 1216 5468 882 1537 5692 5641 6299 9662 9377 8502 2975 1103 3092 7886 3861 9335 1182 7220 3169 3381 5606 3324 8368 7930 9547 8064 5679 3233 12 1731 4447 5938 7807 8168 5305 5218 763 2837 3601 4731 2220 296 1940 100 5204 5148 1536 3574 2568 8910 1384
7490 3825 3680 2604 84 9887 9604 777 7361 9758 741 1933 3542 7884 884 5606 2794 2139 7476 72 4062 4189 7291 1805 7912 73 5035 7370 2984 580 1917 4441 5142 2573 7878 1707 2325 733 6994 9436 5168 8928 9300 1223 6124 1730 750 4538 124 9354 2407 2340 1793 6512 9422 9484 3893 2305 1658 9702 5075 7682 2527 4263 4964 9912 81 355 2879 3582 1443 8593 4248 4032 5060 6245 7199 1148 6153 4592 4802 4634 2988 1731 8800 1258 1053 2288 4514 6185 7514 1572 673 6252 3030 782 377 9614 3302 7548 4280 4327 1505 5951 9667 373 3870 9503 9876 8651 8742 454 4885 4769 8594 4157 2969 1925 1302 5027 8870 7378 7534 4711 8587 567 2540 9867
4255 44 9856 6274 7265 4092 5920 4688 7691 7184 6040 4637 1134 4104 4842 6568 1698 7552 3582 1841 6024 1552 2918 3768 2626 9209 6702 9404 5165 4701 1522 6592 2637 6175 1740 6321 3305 5945 6804 2785 4024 9133 8081 4884 6230 5272 9487 5131 442 2290 3783 6869 8450 1546 1128 7976 9076 4048 9691 685 7021 2559 2778 6961 5927 2945 8329 5091 5860 8328 2496 4189 1316 7582 7513 4624 9727 5358 1069 8155 7413 1776 374 1471 5819 7938 1863 7723 5849 300 8263 9603 462 2804 6294 9307 8837 633 9357 7067 2315 4365 7647 6810 6746 1760 1676 2270 2056 6567 9038 800 655 3520 8477 6090 8394 1144 4182 9368 1963 8581 5660 471 6704 2742 8300 5927
4406 537 8614 8956 1620 7356 4201 2148 7949 3445 6890 5055 8537 6834 729 3786 3504 7252 5131 7573 9139 2171 5371 8260 8104 3485 8067 7060 8060 5984 3778 7785 6361 6526 4091 3646 9453 4218 9689 3117 8899 1198 1437 4399 4639 1734 116 8148 6880 1934 9110 1746 5606 6429 7898 5538 4015 4904 5108 459 3956 2228 1920 1699 7270 7902 7618 8027 7515 7230 3289 5027 7587 9394 1773 3439 6248 515 9263 3909 9128 499 54 9972 7452 6557 3740 9095 4567 8051 7189 7231 987 704 6188 3186 982 4797 543 5445 8326 8290 1337 7562 7341 8515 1426 6568 9985 5482 7862 4350 902 6449 7985 3660 604 7797 8776 3442 2262 6057 113 6528 1275 3031 4879 5567
7934 6773 32 657 2877 3796 9032 8730 5519 4681 9679 8247 2452 5739 1398 8632 5378 9207 9371 7993 1926 5871 3368 8748 3757 2238 6848 5094 7199 6382 5064 3612 8365 1805 2338 3983 3776 6051 8549 2130 3975 247 4189 8339 1797 8805 6420 8409 5094 2296 3900 6983 1071 326 754 6091 8069 729 3232 6931 3491 7185 2598 2448 3936 923 9825 4115 3723 2724 6998 8782 1039 2484 7883 6482 3747 4515 1494 4481 1544 1051 25 6008 490 5718 1289 7995 2292 27 225 5561 5379 8118 1481 9901 5819 969 6880 5025 6645 5586 2971 5524 8096 994 7937 5443 9484 276 1943 6206 6434 9542 7950 2318 3771 2571 5482 5968 4773 3385 9986 9109 5930 1428 1597 9922
4351 8262 296 4190 595 8885 5055 2035 7112 9585 7752 4943 1025 9186 1546 5636 7807 7770 1782 9765 860 1055 7660 538 2004 5615 7459 1703 1175 6449 300 8025 7871 9757 2761 9415 4722 8126 2884 5339 6645 6720 2527 1803 7292 3941 2436 1764 4050 4569 572 5514 1673 4647 106 9730 650 4681 3021 7555 3461 9862 8935 1157 1409 8267 9648 9261 3040 7365 8401 1829 1275 2512 8378 9713 7673 6399 5044 5514 7421 345 2206 1554 1020 3545 6992 4755 7353 5215 4294 6440 1570 5954 5644 5201 8708 859 753 8278 7817 1837 3334 503 248 7593 4143 4051 412 5072 9215 2124 5456 3426 4974 2050 9523 7288 7930 6546 2506 4407 447 2307 811 2607 6571 6260
8601 3161 720 9322 7121 6163 2638 371 2525 5439 3536 1072 6946 1412 4661 953 5664 7160 2109 5964 2432 7678 1311 4712 8008 2468 4032 7850 7674 2057 5938 6193 7290 7064 3441 6278 6228 3998 656 176 4423 897 6502 2277 4751 8 5508 1065 307 3634 5585 5973 8403 3954 4090 27 4423 4624 5771 4512 2720 265 4934 3113 4758 8039 2306 6572 8291 282 6468 1229 6874 426 87 7456 1294 7528 3070 9706 519 4335 7928 9369 2469 3280 2558 3904 9325 2998 2527 2457 2796 5565 8742 6844 178 2433 5472 9169 2148 5933 2977 7588 3238 9882 2691 2454 6255 9282 598 8660 7368 7875 1354 7593 831 1731 7813 5595 8151 5969 8573 2125 6592 9238 9141 3475
2706 6142 8789 9457 3342 6050 9490 6435 6699 5478 8940 3642 1199 7159 6714 9246 3114 7054 1919 4878 5733 9763 3270 1680 4461 6483 9246 276 2129 5637 7994 3408 8301 9656 2036 8727 6157 2804 3510 948 655 7176 5207 6689 5493 4764 7706 1961 9422 5941 1761 3611 3998 5923 3207 7463 9682 5437 1266 2242 7633 6408 1937 2263 1960 4804 9905 3816 4005 681 8235 2797 2 4841 9996 3236 464 9399 5833 9424 3313 9937 1678 8649 1903 6654 6133 9438 3640 5604 8099 9720 5866 71 1921 1147 5473 7509 6771 7520 8171 4484 6546 8156 924 6489 1325 3084 5226 5465 2633 2002 5290 6562 247 7796 8083 321 5157 5590 7139 896 5267 1764 9943 8152 2683 9216
5875 5214 2632 331 2968 5881 4775 9144 5370 634 9670 3127 2922 5861 2984 2814 662 9227 2165 486 613 8143 2290 5369 185 9174 5663 3853 7232 6225 4793 5434 6297 6284 6807 8025 2419 6172 3170 222 5852 4633 2383 164 505 5471 2470 3775 264 8422 2535 6656 484 2388 6043 1335 2661 5624 2260 2338 9227 8040 723 3235 6021 466 237 6091 6686 1355 7611 9305 6503 148 4431 3199 2094 2552 703 2422 1407 5362 4433 9095 2073 5805 8932 6829 4720 1581 3318 6611 7705 7261 8811 8212 7286 5382 1796 1087 2425 7795 5036 2972 6915 9087 8404 8397 8676 7355 7989 30 3571 671 1249 1837 8638 7157 8648 3550 6546 6209 720 9943 6050 9667 4259 7130
4037 3333 4155 2324 143 6060 2192 3275 5391 6160 9683 2197 9181 5525 9251 3553 7248 6365 5288 3471 4669 9878 1498 9257 1096 1050 9441 9438 1430 4766 5830 2742 3577 8817 3592 6928 530 6218 8136 727 3459 6701 5697 821 4906 645 6653 5221 6938 9296 4141 9602 9904 9043 6860 7645 2694 9358 7458 6867 3413 6586 2142 963 2601 9216 1346 9508 2980 6955 71 8974 7599 2779 5630 7076 424 2490 4773 8322 3215 5678 2958 4101 1572 1286 9485 6574 8783 3606 1047 9022 3619 5762 271 8934 3847 5685 2867 9929 7152 9007 32 5494 1346 3536 4170 3285 1976 852 3441 8436 6428 2147 255 1512 1456 2097 1576 3563 41 5644 8961 9106 8027 7767 54 4949
9321 3370 8861 4366 5417 9221 907 1997 8609 6335 6150 5557 7000 2300 5405 8326 156 485 8118 2624 5355 1999 6241 8384 5999 6516 5516 9653 8477 1480 2576 7042 8521 5473 7749 7696 7949 4918 2281 8612 2542 6957 1809 4387 8463 2895 3485 8274 4737 659 7764 2548 2751 2581 166 3501 7262 6727 7281 7228 1633 2018 7809 5460 947 5081 6024 9699 1745 8652 5504 6428 6760 3068 7480 3899 2673 1785 9290 2940 330 8264 9404 2508 7671 468 7276 2574 8206 4399 8685 6882 8494 3313 4585 696 5235 6031 7469 5035 3682 1287 3321 7849 3056 2928 2721 187 782 3945 7453 5902 9819 4917 9327 4283 6639 4334 9593 5945 4897 1180 6728 9406 8190 5649 9594 5405
8587 6696 820 4976 7171 2491 9442 2691 7417 5321 3308 1272 5744 2181 693 7474 9495 1004 9034 7281 1340 8498 4781 3835 3794 8779 1867 799 3716 6051 8569 5869 1857 5376 9183 2722 4639 4164 4756 6087 8209 9453 3770 1023 6939 6991 7967 2005 7609 4800 9997 4449 2603 7538 8051 7964 9805 5949 7827 9953 4953 915 2500 5461 4168 7245 3146 5950 8702 554 3201 7650 1383 1100 1921 8651 9092 4972 2016 8561 5349 8369 662 2059 1104 4681 9131 2200 314 4675 8631 808 4950 9955 5817 4485 6723 5508 5724 8734 3719 6814 6633 4417 3983 7875 3506 8796 8078 8929 8513 4210 7858 3231 8862 625 8409 1194 8401 9193 6394 2481 1430 3755 3763 1140 5725 2006
3640 6329 3425 5243 6835 9104 6126 3206 9224 1235 6639 510 2203 517 5804 8028 6657 843 7402 3726 1442 8278 7376 9238 9482 4622 802 6890 1883 4414 1537 5594 7664 559 4346 7714 1617 4252 4632 8548 2811 1233 8240 9677 4508 5483 9050 908 4428 5302 4971 8309 1579 3421 5184 984 2887 4652 3277 9074 7738 7735 8020 7188 8570 2882 6195 2880 4584 5405 442 6452 4481 3316 1556 6769 6219 5800 5294 427 6349 982 9104 5296 5998 7542 3569 5102 7184 4038 5712 6749 5620 7159 9611 9517 6404 9731 4699 5281 702 9483 5441 8617 3706 548 9325 7592 9982 3205 6623 7328 6130 4689 7371 7490 3558 6776 5267 8396 9820 8436 6131 9710 3282 1109 4220 486
2833 7566 552 2864 7290 2211 3798 5844 3379 9207 1042 8127 3397 2741 5500 4444 1286 70 6383 2162 2319 1839 5699 4272 3694 8235 9954 4223 6404 8034 8006 9532 3655 8581 7032 4896 4826 6273 1280 9508 7217 9152 6487 3792 9265 7396 1735 2077 1522 3561 9389 516 1655 1356 7480 9474 7047 4776 5122 6573 9357 5394 3314 6683 939 2542 785 9575 8030 2822 3704 8543 2572 6347 6986 8744 5455 8768 4346 1068 5097 8030 8377 4937 3760 6638 3402 166 6478 8317 9003 366 2386 7382 3733 3299 5967 2146 125 1778 7070 3550 4398 3385 8375 2230 8114 9644 9364 4367 3640 4932 5709 7204 1775 3639 8887 1811 8331 4230 5490 4130 7332 2829 7495 5469 8937 7195
9442 5852 705 9760 8266 3099 1269 3318 8742 1542 4861 1895 8895 7563 6390 3398 3494 7463 7281 1444 1543 7988 9038 4995 5060 7237 2040 4274 9036 1775 1766 5645 7324 9385 3134 8955 5828 1526 1486 626 9589 709 6646 567 1673 9778 7423 2235 8397 2817 5730 7356 2072 6443 8197 8619 776 7374 4140 3270 3819 8333 7042 5872 7420 8333 2520 4650 3934 9757 7674 645 5482 1790 4930 8896 6850 7656 756 406 4218 9411 9604 1674 3517 6861 3522 3550 4200 7935 5641 6638 5727 8984 2483 9177 5645 2189 7035 4418 8162 6385 9746 5403 5293 9866 1183 3761 9899 2752 2810 4384 2107 2341 8048 1918 1177 3772 1388 1382 332 4399 9375 8441 4136 2102 3248 1240
8242 5128 1569 8855 8779 8670 5533 9645 7334 6077 7022 2666 531 2788 7929 7941 7608 4610 1917 6958 5481 2175 4018 4828 6844 1789 992 8962 724 9904 9025 4909 1246 3199 5040 4452 8859 9578 8848 2816 590 8908 40 9884 1675 3022 9812 1804 7511 2739 3257 1182 230 8352 9756 5351 346 443 8544 4571 4774 9669 9509 163 1675 3196 6709 3955 4642 831 546 1758 2640 4903 3771 5884 2780 924 1366 3136 4583 5500 668 5429 4890 6890 6373 9748 8542 1623 3545 9553 2690 5350 6831 1752 8314 4536 3142 7136 6129 4313 6639 7095 9419 4286 6705 3984 2804 4892 1298 9623 3322 226 5085 5012 4024 9323 7002 3862 6799 6982 4798 5692 9581 7936 9200 919
4689 7885 4320 2586 9871 6923 3493 7354 7158 9434 6563 5305 2823 9631 8879 7692 4579 4590 6251 6558 8540 3770 6526 4641 7574 3000 4505 1499 3327 2881 1279 1973 1431 8291 8556 842 3897 9566 3497 374 6092 1955 2137 2233 2141 9986 3626 8003 3282 5790 4931 8934 8230 3002 6705 5884 8477 7098 403 4774 8138 9648 1815 4432 3364 9184 3717 3756 5924 9470 5061 2962 6602 1130 3446 574 7550 5330 4267 4359 2493 9984 3612 1359 5627 6120 6028 8173 7065 8604 3110 3903 4651 284 2212 6501 9151 6152 9402 6535 5847 4152 118 1136 8108 7916 2762 7527 1506 8747 3891 5590 5390 2089 8716 8587 4162 2411 1378 183 4161 5378 8886 2099 553 4261 8726 2190
4945 1583 7330 2004 4998 5352 5272 2871 6869 7071 1900 9535 3150 608 1636 2400 5122 5319 3569 8297 4036 1437 593 1608 7250 4405 6827 6646 730 4725 338 4718 5728 8745 9506 6281 6445 2825 5807 9162 5787 9815 3079 8829 2394 8093 3621 8716 1657 377 2847 8781 4467 6347 4336 6454 5157 4278 4954 6789 7684 6224 4736 5813 478 3699 7511 6704 1653 541 1568 7887 3303 6565 6928 393 6363 9147 2467 6598 982 7691 9372 6863 5141 9882 3915 5584 9993 7941 4814 1120 9865 4402 773 5056 1757 7964 2005 3956 1531 5637 3063 5993 1781 2451 9279 4789 3004 9797 6074 5949 2241 2520 8371 3724 2197 8993 4061 1408 7996 7379 8412 16 837 3356 4479 8120
4197 4685 124 7507 6863 6542 904 8318 2355 9425 7549 6848 1014 6877 1590 8361 4516 5002 8404 9151 9361 556 2647 769 6951 3867 4381 3164 3761 4797 1958 9294 6560 8542 7710 8634 7831 2763 6374 6462 2257 5469 8133 7790 2282 9910 1115 5107 7459 4502 3720 8188 9531 6947 4089 3524 6565 2409 2618 3316 9241 5893 3763 3400 9284 3928 1676 5462 1658 87 4056 551 2189 7071 9286 6870 5994 8535 2461 8115 1984 9248 4654 2233 5007 6983 3703 6097 4503 6853 4503 4706 6799 6508 616 8850 5213 475 521 6191 1633 154 2817 7697 5185 1469 8211 8242 8173 7065 8241 6337 8898 3809 5482 6396 8372 4854 8208 556 5427 7804 6056 5173 6163 7465 5124 2008
8064 3379 8220 8994 566 8535 2421 1574 8256 7407 6641 9691 6061 1149 1836 7023 1391 8320 3130 9095 6833 2856 5219 1218 258 5352 3606 1362 5703 414 731 2960 1689 865 3187 5984 5560 4263 4068 6164 1924 9477 8863 7492 7895 834 724 7874 8601 1991 5913 3181 2516 496 2809 6192 7432 7188 4679 6749 5432 5644 327 483 2668 738 8035 6705 8207 3648 4351 4640 1165 7252 9632 400 5499 2234 8976 2257 3912 751 2965 8942 6300 7010 6342 2976 1580 6344 3430 9114 2870 2293 3653 7352 2353 771 1879 6292 4828 9433 1553 8650 7319 6656 7580 747 1002 7379 2819 6658 4217 763 7775 3941 7740 7763 1478 5809 6860 2952 2253 8451 5004 1875 318 1148
6469 8562 6846 4354 8748 3062 6363 7687 5908 9901 1934 1133 617 6482 2086 4328 8980 247 5287 3075 5440 5144 3773 9087 7730 6859 2851 708 3205 3574 7080 9563 5966 4394 36 6050 9783 6684 3573 2351 88 8167 6437 6518 834 3322 2538 9193 2734 9423 9713 101 2937 3949 2579 2713 6400 9917 4999 7617 919 8710 1343 203 9978 7185 2130 8910 2754 7651 691 1502 5102 5643 4385 9098 3832 953 2042 1767 7711 9176 8026 8243 626 5712 2977 9860 9475 462 4222 3769 6200 5104 2580 6923 2167 9864 4950 2354 5106 5828 7999 935 1255 5989 9163 7192 4030 3048 1233 7357 8216 2757 6162 7865 9246 3354 1840 8489 3174 1146 4757 5390 7230 3952 7951 2124
5933 7042 2836 1786 1927 6365 5476 3779 903 1761 6985 296 7321 4381 291 3357 1520 6744 5 2113 9704 5184 9772 1323 5253 4522 4478 2069 920 6656 7427 5722 1620 6124 9896 6587 3968 7858 2451 8336 6430 3354 4604 8674 37 8721 9381 3945 7423 6492 8367 1420 4315 8348 4810 9296 298 5919 3936 8659 3929 5633 8081 347 2318 9847 7655 1527 4478 177 5205 4353 6798 3891 2938 217 8738 2515 9565 6744 1617 4801 8388 7593 8707 1640 7453 8463 3295 3057 1647 5991 6827 4911 6421 722 5920 2188 2160 4462 1927 7917 7020 6376 3886 3452 7284 9820 6089 4350 5426 2667 7606 5786 3122 7946 5189 9549 4866 3484 4074 6033 6999 6949 7576 2837 6409 1480
8076 4820 9307 2740 9667 2068 4018 5242 1023 171 5138 8012 7374 4892 5578 6653 1127 9587 6662 7336 5290 1520 5026 5993 5739 8546 8318 2961 1701 3696 6340 1828 2383 2262 7900 1614 1909 5820 5860 1807 9902 5062 3097 551 1073 8962 5067 974 1392 4949 4022 8022 2599 1389 3310 7415 8612 5514 2233 3661 3462 2945 6952 9263 2429 5985 5646 5785 5993 1826 9093 7816 7188 6155 2499 3578 5676 5260 4086 5343 695 7918 9552 9782 6917 3254 8107 793 1859 8656 7042 2933 8307 9710 9312 4644 305 3153 5597 2938 4347 9542 4112 3888 1252 4493 1906 6832 6307 3193 3027 6299 3409 4869 7763 4005 6393 8783 6550 2027 2398 1232 4548 5627 3507 7994 1173 2775
3480 3318 6728 1077 6470 2153 1577 6443 8721 4935 6983 4483 225 304 4798 4680 6546 9863 8253 7037 970 2816 9374 250 2121 7411 1884 8212 8037 7050 1248 1730 5792 2735 383 9912 5563 4677 1529 9150 5077 9571 8475 2033 5823 773 4052 9883 4593 6314 904 7059 2130 6749 8346 1696 8037 6974 5054 2395 2117 157 3763 2116 555 2392 2663 8555 6807 9705 7852 5923 4350 1411 7947 5265 8317 548 1571 4099 5318 9134 2712 1970 8730 3454 8449 9293 2854 133 8113 7812 4430 4357 3724 7422 1531 6697 9760 3474 9530 5603 5754 2334 7685 6286 6538 9668 4989 1620 1179 6891 5603 9096 8779 165 8785 6982 4212 8866 8838 4087 7489 2655 1075 1621 3156 2431
8497 798 4710 4854 7893 5833 1428 7211 172 7362 8244 1901 2424 7053 9189 4543 1281 6880 5265 9082 66 5162 233 3824 1166 8027 7153 6958 7871 6620 2626 3688 6201 7353 7841 795 1538 6618 5827 149 9308 2015 5545 7617 8264 8790 234 726 6923 8327 6052 1661 1470 4481 9108 1503 8053 1029 7219 9005 101 4011 916 2775 4902 9444 2374 7606 6414 4263 6129 6287 5867 5966 2427 4287 6992 4490 6900 205 9793 562 7694 9622 4979 2589 3862 6274 5009 6736 4617 2457 2377 2995 6757 9289 7989 1764 5565 6383 9671 7298 1179 8984 2326 3421 2015 7366 9016 2993 4815 6408 5427 9477 7025 8367 6437 6570 391 9029 7056 6871 9206 3107 1529 9227 1303 6318
639 9746 583 9872 3573 8741 705 9892 986 4458 9576 3870 5070 3831 9665 2724 3620 7585 8335 4724 1984 618 3855 9505 9202 6413 227 786 4681 2307 5101 4122 9573 7177 6203 6046 6623 5985 8968 5337 2054 963 8551 7641 32 1388 8831 9081 127 7359 5370 1274 7258 7804 7340 1494 6361 7400 9877 6879 3341 1879 7081 8438 2498 1755 5642 5493 367 3378 5603 7864 4925 8947 103 6189 5320 7276 1317 5503 2169 3425 4797 9787 8608 4799 2617 5301 2810 2105 4055 3069 6700 6651 771 7137 9430 5437 5018 5964 6528 3615 5486 6913 655 2343 4278 1932 4584 2402 7054 5265 3300 5893 8191 2725 3747 310 6217 1284 6958 2009 9840 8671 4836 262 3140 1923
4446 7291 1538 115 759 6282 5427 1105 71 6009 7648 375 3294 2969 6316 5132 2647 9302 455 939 5365 3910 9679 3115 4535 714 3966 8930 1804 5081 7415 6202 2977 6451 1596 7359 7955 2963 7244 4133 7618 7733 1486 4274 9898 9414 81 8481 8589 1379 8061 5919 1801 291 877 1181 7900 9890 2869 6968 8032 4286 6114 8821 4430 4358 5295 92 2013 6384 6255 6895 7468 358 6762 5365 3664 5875 968 1681 7401 9495 3906 2998 5196 9987 3538 496 8910 400 8609 1181 9753 4835 5647 2532 1533 6291 424 7308 3099 1490 7457 9658 1116 8797 7712 165 9049 1423 8265 593 758 9639 4012 1650 8077 3682 7795 1023 3284 809 6754 3187 253 9154 1455 3473
8775 7894 7125 7607 8839 4779 1811 3353 5739 1980 6699 839 9648 4278 6156 3542 3305 3908 1638 915 3987 233 7575 321 1321 5909 6720 2724 1012 3849 8911 2596 9869 8527 9614 5677 8768 7132 438 2092 7846 2362 872 7057 9513 8642 1162 7877 5012 1846 5682 809 6244 4774 6621 8364 1721 4021 2984 6398 5739 5788 5223 2603 8057 9709 3018 6087 6106 5445 8060 6649 7025 8292 5586 6941 4859 586 3082 3196 9612 6668 396 4111 1517 5823 1015 7966 6333 4322 627 8366 7687 3791 6964 4110 416 496 9245 3290 2946 4641 7622 5329 50 5436 8870 8648 6950 9935 7665 1366 5713 3313 3224 8751 244 6946 7295 3376 5437 8091 5691 5481 8108 9005 6409 4480
894 480 6115 7591 799 5937 8571 9870 6137 4910 5165 1099 7739 3646 9573 6910 5033 4982 4900 9913 3731 7090 9874 5732 6290 9997 6390 1873 258 8388 3984 3333 1214 4123 8969 8871 9794 7367 5149 4084 6383 2561 5322 7215 4635 8870 3662 7884 3404 4956 5108 306 6945 9866 2452 9408 6740 1375 2352 9383 650 9186 5930 9018 5543 5226 8777 3867 1665 4801 949 4979 9516 5080 6450 2531 8942 2584 1463 1074 6349 6149 3154 8388 6144 6887 2135 7708 5343 748 6014 9298 140 1140 1520 2254 7063 915 4287 5970 6337 708 2105 84 8463 5968 7065 2960 6392 2265 3386 4186 6729 6996 9394 3034 2372 7459 3574 3010 3764 5142 5791 6375 2479 2281 1807 5521
6266 3866 3507 2136 1478 6379 4656 5263 5651 1829 7956 8003 7146 859 1069 1595 1149 8796 6657 17 267 2667 509 1112 4121 3280 4934 8565 6745 9209 7026 7839 1890 200 9992 7864 9499 1922 3553 9425 136 3521 4737 7497 3627 6870 6161 9797 4092 2794 874 5383 6704 4791 3715 1667 141 7591 4044 5861 4009 8029 7964 8157 1517 365 7837 3023 9564 3946 9890 6280 1170 5985 1208 9454 7596 6730 8283 623 7973 2604 8534 962 6528 2455 3109 9887 6948 4002 8863 3052 3053 4945 9478 9553 7808 4807 462 5652 7805 8595 6931 715 6143 179 3475 2821 8069 3792 8365 2676 4833 5674 3546 7025 4925 2549 6756 9835 6610 1191 9198 7848 9393 6752 5773 2538
6586 5753 4386 9793 5741 3008 5196 3560 3510 7162 180 9736 4946 5181 4452 4065 5449 1839 187 5923 5474 8300 6467 608 8490 2953 8678 7467 7282 6827 5307 4533 3225 7563 8499 1814 3465 6137 8555 5095 9778 2360 8589 6613 5435 7996 2303 3506 1831 196 7000 7156 5934 3729 1998 8727 890 5234 4278 3711 9241 8428 2720 4132 299 7583 1839 6091 5949 2626 6366 2688 5394 8814 6919 5764 9792 2603 3882 1466 630 7806 546 7524 9064 4633 3449 8606 4635 8003 41 4763 5227 2239 4224 6190 4110 5793 1744 933 5985 1280 405 1052 9930 4980 5374 228 734 5369 8323 5881 3051 6380 4852 7734 1794 966 6934 3371 4075 8945 3820 9646 5813 2606 5593 2068
4057 9029 7208 5094 9916 2157 2605 3660 5958 8173 2092 9276 1939 9846 9146 8772 7654 8794 1133 8643 568 711 6850 6514 5780 6682 6221 9207 7713 781 2971 8265 7236 9221 7008 1492 3941 1329 3080 2159 3933 7946 9151 3895 4282 7702 5998 9367 8454 1815 4479 4559 9159 5084 8295 7529 4890 8165 9442 4739 6003 2262 5169 4470 2043 1967 8265 2133 8599 3 2554 7498 9066 4332 7101 2929 5088 3381 3464 1181 327 9333 8924 6038 8759 228 3147 6457 5928 7849 7176 2564 885 1532 2342 6828 4979 3209 8178 973 2621 4866 3956 8997 203 7447 8104 1420 5354 400 9674 8109 2604 1227 488 3765 2993 8490 6196 5264 7408 1990 8487 2043 2389 3962 4417 4805
1103 7414 5055 98 1222 9806 9431 9622 1898 2187 6868 7305 2928 7425 8003 2917 5161 4261 6630 8077 3719 5835 4444 8772 6028 4154 1094 5360 8492 34 1010 2104 4451 3286 2555 3401 1239 9681 4838 7686 9412 7742 797 1867 2394 5149 7890 2602 9643 8318 933 5085 2028 1794 4236 2173 7091 7943 2989 6360 1941 3410 4940 1550 9859 9915 2451 3784 2669 4306 7253 8417 7808 3886 9703 4805 8627 8701 7523 5025 1911 3308 2232 1988 6266 7429 7793 223 2757 283 5923 9657 5835 1709 4257 4179 939 7256 568 2366 8818 424 6209 612 1017 2437 3687 3416 8961 441 8814 528 2935 5443 5157 7934 1295 247 9920 700 2225 2978 6582 251 5811 9022 4599 761
7206 655 8617 4136 9036 9238 9278 2638 9667 1337 5751 4587 6432 7804 4653 7082 9799 9462 9279 5330 7836 6403 9826 3831 8898 3651 2980 1206 4100 5962 9010 2090 6856 9167 1197 5648 2877 3501 5551 16 9977 9501 488 3121 8771 2037 4013 972 4300 676 2412 8334 3109 5655 6681 4361 3282 1394 7013 7499 9780 3951 5539 4742 7343 3993 484 7061 6479 3900 9955 6133 7104 3045 313 5421 4017 9722 4433 5969 9784 9973 5224 704 3372 1734 919 8577 4885 902 6143 1472 4910 589 1925 2250 4064 4234 9093 7139 3237 9671 9875 1576 9438 6618 3620 4193 4842 3774 25 9080 8639 9372 2201 711 2357 3312 3408 225 4895 3237 9778 6553 6619 7926 3981 2075
3776 7660 2607 3228 5361 1333 5208 6346 3181 9701 7716 49 20 9172 4820 6225 4554 4896 4171 7192 526 8662 7759 7338 8903 713 3863 5069 7487 1336 6571 8261 6133 9724 394 7001 638 5883 2833 9295 7687 2934 9015 5410 8688 8050 6377 4243 1297 9601 8216 9910 8298 5100 9769 5155 7443 266 9801 2785 2390 4899 8466 8956 6727 4435 6724 8439 3989 1507 9478 9262 6025 7100 2257 7639 9853 1656 6823 189 1318 6280 8832 2098 5789 7374 1727 9674 6274 8680 7186 2945 349 5533 6258 3548 4950 6922 8872 2114 7762 2454 9116 9781 3976 8694 6968 8499 8658 9829 507 1410 5505 7564 7824 3683 7436 9755 807 1154 9438 3521 8222 8868 449 4550 2588 5803
661 9925 7202 7532 2120 9650 7288 2080 9798 5213 5438 614 8211 8475 1758 8701 2556 2728 5845 950 4831 2175 6866 6830 8739 4052 8715 5958 9154 9988 1349 2399 878 1822 3216 8531 9467 6468 4864 3015 2220 6612 8213 9700 2340 7733 2061 8814 6326 2188 582 7034 5399 9210 1505 300 8807 8674 4127 1498 6530 2633 8337 2331 2715 5626 22 2946 1564 6818 45 95 2457 9200 5456 9656 9925 7348 2124 8533 8900 9195 313 7284 7543 6024 6303 2599 5388 8890 5713 3827 9221 8527 1564 4775 2861 3815 4272 696 1804 5564 7822 5625 5751 5882 4310 8979 8667 6182 9598 2071 9060 7406 3486 2808 9471 5733 4713 1517 525 5597 1948 9636 4498 4448 9784 8721
8321 1591 3292 3289 1120 9147 8659 9979 3498 8204 8921 5032 5731 6416 1081 1485 5874 9725 9130 4598 770 7990 9514 495 4762 4677 6757 7932 454 4268 336 489 7207 9939 6819 9518 994 8885 1628 5270 8381 1320 6377 7210 398 2770 4384 4160 9901 4217 2177 3457 2901 9645 6916 2669 632 7673 5731 1303 6722 7164 5912 2317 8906 9523 5964 7051 6908 9434 5151 6142 6155 3773 4271 4046 2759 9758 3711 1 3632 324 2641 4281 6850 1619 5030 5467 8028 9518 4544 494 7992 2568 8674 6553 101 3307 6865 2043 4878 9766 7544 140 1942 3071 8842 7373 60 3327 9934 9986 6720 8236 8097 9454 1319 8558 1012 1512 42 3195 2776 9394 9160 9456 8083 4121
6830 6898 9229 9474 2326 3547 567 2623 938 2178 8055 8499 8641 9489 8290 1165 5811 4853 1167 2955 5264 2671 3006 5892 3105 4423 8502 3045 621 2052 2087 2055 7216 5823 8279 4456 1092 3834 6220 5122 7747 9136 5778 6611 699 8737 6760 783 3976 3379 5028 7092 7067 9377 9580 3101 1664 7264 5996 5604 6004 9748 1961 6732 3515 7103 4070 6405 6144 6935 4680 6403 7362 6435 8721 3163 3199 4301 5561 9797 5573 9334 8167 4416 6788 9638 1397 8360 5256 7280 2057 2734 3612 1759 6555 8236 9914 615 4352 7324 8806 3706 6184 696 6274 2279 8954 1124 7445 9054 5065 5210 8764 3393 855 2509 4789 5325 1303 2814 8766 8029 6850 2607 5665 2271 807 7832
8974 5993 5825 9309 6090 744 7482 7332 3994 2051 8080 5246 6491 9998 8429 4253 302 8908 1860 5464 4984 3713 5933 9740 3343 2690 3599 9855 9513 3039 6260 2342 5295 8720 6800 2921 4294 493 8345 3100 5681 1702 166 7485 1576 6095 5785 3435 6030 7766 7865 5105 2646 2384 332 241 6664 4880 2916 7305 9465 8737 4179 7750 5204 2693 4528 840 4858 6495 2766 8176 3391 2617 7770 825 5723 8715 1596 8022 7352 5545 8770 5624 42 4035 3735 6569 470 5465 3966 9104 3488 6939 8692 6318 8727 2094 5476 5003 1880 9000 3519 2987 5108 1877 367 1090 6677 7288 7624 6575 3994 3114 868 3114 7496 5188 8237 7670 3362 131 1708 1009 6195 8059 5723 1266
2079 8252 4352 919 4978 4786 9887 6410 9507 5358 8762 2791 9940 9356 7625 0 5987 5654 9865 9141 3911 1447 3331 199 2791 9562 4224 7073 1051 404 6220 3546 2067 9782 6624 1412 3705 3322 5315 3228 6127 6326 952 7685 6891 8284 5339 7646 827 3323 5781 4974 1020 2451 6131 5706 7452 7621 615 8058 4680 7706 6150 9803 304 8302 7998 7601 7467 1471 9904 1505 809 5734 774 8876 4635 5290 5125 9664 1122 603 9830 7117 2153 1585 9893 1710 4961 8613 4213 5026 1860 3772 1672 6594 7221 9283 6682 8111 2080 636 6992 4998 5322 1216 8675 5484 9952 4523 2294 5335 976 2438 5780 1336 1464 6772 4595 5040 1986 2166 6415 7330 8835 2664 6899 7532
3681 6418 3507 8740 7704 3912 37 1234 4506 7129 1935 2660 1003 600 6702 9615 7164 1985 8681 2872 3646 857 3699 8389 5235 1075 3912 5548 9209 682 2817 8563 8438 8419 9410 5262 8522 5493 1104 4204 9205 4120 5263 4733 8911 6122 4620 7490 1005 325 5021 9443 7277 3622 2891 7758 2870 3966 9589 621 5071 6101 9836 3843 4920 8474 7886 2048 5553 4897 5537 1175 9399 5224 7096 8546 3701 4624 2721 6628 437 410 8106 3172 179 5496 451 5082 7310 470 4859 8400 2874 7766 2210 3930 6206 2506 2666 1659 5146 1899 8472 6798 6173 2938 5530 8254 1778 9854 5425 2315 2972 5624 9476 9883 9880 6712 8531 4485 2711 1402 6490 4267 4996 7322 5093 5038
9884 6470 2185 2530 7958 4882 9306 2069 1745 1627 7510 8331 4282 1798 2816 4917 2490 1927 3727 5426 8260 1771 6143 9400 8438 3725 7850 484 7192 8931 1458 6421 8959 6880 2266 3677 275 6514 7722 9239 3263 3427 867 6421 2918 1639 861 3767 2847 5886 8700 973 3536 9271 9979 3482 2730 2212 7047 4879 940 9356 1795 2650 9903 7202 4458 681 8726 5516 7671 441 5470 6083 4703 4604 3059 2864 6104 3493 8241 6934 4114 4512 5940 6719 451 631 3691 5859 5773 9121 5392 7483 2202 2368 7072 3575 3354 4627 2030 680 515 1449 4955 1170 5639 6274 6245 2549 9638 6993 305 6047 9763 7220 9359 3147 3246 8045 9224 8780 33 5894 9544 536 8747 6147
1955 6994 5004 9727 8382 6845 4278 6705 2037 6568 3294 9668 8203 1585 2799 9320 1022 6549 9406 814 4970 1628 7791 5691 6125 2308 2633 4674 9819 8447 5485 2084 1181 9271 4387 4622 5988 1976 278 105 6659 7617 7153 6559 2466 4546 1425 8246 6484 2236 7277 1586 5805 4618 7778 9798 591 9189 9689 342 1819 6323 4376 974 2041 8588 6823 8092 5158 8242 6625 6267 3367 4309 8352 2982 2003 8914 2633 8159 5742 4422 9148 7101 1967 5372 6389 1267 3286 8089 1116 4984 3835 6806 8805 1033 4867 6922 794 8578 3235 4946 8573 4347 1532 4431 4965 575 429 3240 2132 3855 1800 3465 6026 3836 3812 3021 8996 365 7617 9754 6851 8417 2975 4118 3085 7575
4851 2684 7469 5520 199 3357 2918 8308 1629 8464 8526 4295 3627 4729 9729 5813 2214 2847 9456 7960 9796 4008 7826 6768 2627 5998 5409 8261 3219 2952 6773 817 5240 840 8822 3696 6715 2501 7626 6208 6387 2285 2467 7741 6713 126 2131 1510 449 251 2487 2816 28 577 6420 719 9819 10 2289 4226 8017 1021 786 4746 1665 3928 3273 1319 9015 5306 2237 1353 7638 6062 2213 8657 2715 7703 9186 8068 6316 5042 5006 2579 9106 547 2257 1525 7849 4480 2556 36 7739 2442 9015 5764 4970 276 5226 2815 8183 5396 8643 2230 7444 8369 7982 9233 4869 8112 2761 1381 6788 355 5387 3192 1995 9417 7971 414 2802 1520 5165 6059 7202 9506 1498 7655
5675 1751 9129 121 7307 9323 3695 9430 9313 6534 4707 2427 7291 3612 1455 4141 8170 7543 1547 9923 8862 4883 8907 7159 4326 9374 5245 3268 309 9531 4211 3736 1929 2098 6324 3841 322 3841 8322 3388 5890 9060 885 7026 7254 665 2100 7590 5335 2272 3469 9784 4793 8263 2807 8774 8954 8432 6133 7864 8410 8454 5298 6230 1874 5814 2289 542 720 2006 5138 4815 2847 2987 6558 4997 9054 8351 1258 2765 3916 5174 8157 878 1081 4118 5288 6830 5430 7380 477 7760 3608 344 7269 9132 2633 5653 2400 6592 689 5981 7516 9511 4851 5004 9467 34 643 2254 3957 2642 2470 6834 4369 2215 3233 604 1656 845 9280 8839 5576 7599 2459 1724 1055 5072
4071 7219 9863 422 4723 8458 373 4903 7365 981 4077 7192 2074 6780 5273 5067 9613 453 2925 5346 8976 5316 3096 8064 7145 3648 7159 7945 8841 2185 3919 869 1284 1976 839 1992 5428 1399 670 8191 2191 9312 9733 6793 7711 8057 7914 3488 4687 6210 1912 102 827 8403 1226 186 940 2139 9298 933 4490 7476 5551 5260 7573 9223 1723 9074 4608 87 1714 4679 5596 9508 1029 5437 4750 3492 2952 3524 791 1418 3599 677 859 282 4373 9478 4873 482 5478 941 5032 2991 3839 9110 2494 5510 3016 5704 4046 8508 5565 2904 9452 2266 4263 606 4817 518 2070 9814 8105 4602 6821 4731 103 7841 8505 5663 4965 7767 6282 9456 6259 7555 2679 2906
9229 8331 7612 2150 7697 5335 2210 1566 788 2551 280 7533 2355 7414 5653 3850 6451 4274 9487 6123 1506 3616 2375 4203 5845 6164 5564 8245 4678 7282 4999 5454 6975 4012 9384 8219 2602 6287 896 6386 105 7821 3636 9509 1206 2350 3398 9955 5509 834 9185 5055 4278 122 612 2466 2367 84 5050 7606 2261 2532 1438 8659 2147 92 777 5936 5811 4037 4383 6332 8640 672 6067 4162 1466 2383 6865 4145 3660 5402 509 8322 6052 1110 9491 3002 2696 7485 2215 1613 5948 5904 7930 6022 7098 6986 9802 2735 7885 9278 340 1498 6366 209 575 8333 4601 1542 156 6803 7192 1527 2848 7245 829 3354 741 98 3413 2590 7633 2933 3210 4025 2256 2639
4280 3677 7382 4847 6045 2440 9092 102 9936 9515 3671 7703 1015 1825 4151 5319 4752 6797 2725 6624 2291 1264 6111 209 4778 8911 5932 30 1235 8558 6590 4841 1914 7327 7393 9757 4278 444 3375 6160 9563 2132 9307 6164 5959 4291 4031 6402 2594 9437 3510 1473 6772 953 3509 2386 6082 4937 1231 8380 8164 5709 1699 2377 2835 6797 9336 3801 3716 509 7064 8396 8351 3597 9617 4847 3759 9464 1603 516 2645 7099 7413 4476 1205 4771 7212 3707 4497 5528 437 558 5700 7982 9259 3957 4939 3826 9535 5631 8589 2609 6911 2975 8612 3973 1621 7937 8981 5827 9725 8280 7455 880 7048 6064 4543 2439 5473 3328 6137 2644 4508 238 5110 2316 2184 4723
6334 1969 5177 3129 2068 7097 9478 7058 1777 4228 1725 5131 1823 5735 6513 7404 5785 6235 6167 8503 8533 6190 8698 6707 4877 4102 7219 5622 6133 6162 1920 5091 1004 5385 4222 8564 5058 5813 3486 4460 9416 7330 3206 5492 8233 8928 8652 1578 7931 8769 9367 805 3420 7543 1503 2409 581 9528 5538 2641 862 6661 6759 7596 9643 5624 2847 6582 2249 5097 757 6166 2133 2424 2986 5707 5315 4492 6582 3744 3093 2728 5474 544 5261 9254 3833 7991 5192 788 2682 8691 9865 6322 2956 2291 7898 8099 4539 7813 4334 1725 4557 6280 734 2579 4364 4350 1198 5413 4167 758 8234 1472 2143 2850 5473 4802 9341 3715 6855 1640 529 5777 3995 5016 651 1865
5202 822 2945 6048 8289 2744 3974 4576 3365 3232 3991 4183 5775 8830 2530 7255 7390 3231 6075 4455 9977 5616 550 5056 5304 888 4570 7888 7049 1076 9944 9045 1984 5884 9903 7421 6940 2675 4863 6495 6545 6892 6764 2720 5143 837 4280 1266 4481 5945 4854 128 1717 9144 6932 1844 7304 621 1040 9797 6742 649 3076 9947 9078 2234 6002 9471 442 3952 860 6509 6187 4172 3420 4295 3031 1328 6290 7373 5601 832 5642 9817 5705 9505 6645 2359 9379 7944 5197 5992 7269 7526 5032 6223 3556 3867 244 9809 762 9659 2084 482 1536 1377 2540 7903 5515 1773 9488 7418 3692 8750 6366 9018 3259 5884 487 7881 729 6886 8117 4122 116 3589 8895 895
1713 4102 8341 1082 7906 3557 8828 682 3558 1706 2374 7145 8767 3159 4510 6075 7389 9850 9581 2661 2008 710 4331 2441 5333 3017 9719 1441 6355 8143 5391 3436 7979 9281 3468 9722 6335 4565 476 4233 3724 3055 8405 5084 8344 1033 2483 6003 1151 7716 2694 5358 9073 4913 7915 4180 6182 1090 6122 9055 7310 3487 3359 7006 6397 1486 4251 1695 6972 6290 9156 9072 3958 6105 3976 1380 3584 4045 7822 6758 7719 9218 5554 2889 2048 5651 9183 4551 9593 2570 2895 6582 6199 3837 6202 6902 2547 6978 6304 9835 2330 5613 3204 6731 7979 8063 5626 3661 5365 1784 7858 5594 4302 1764 6718 6365 618 9264 4131 5374 7450 5339 1042 6996 8615 794 9811 4797
4403 8884 2191 7030 5270 7551 940 3202 6397 2833 2012 4392 4159 2535 4540 8296 8922 3634 7873 1439 7964 930 9058 387 4510 7057 2137 7072 4326 9436 3583 213 8497 7825 1577 2499 1326 8259 4467 6876 2826 5629 7954 72 3647 4874 519 2684 7434 3169 1868 870 3106 6750 8621 5898 7539 2623 7395 4865 3129 7465 9033 8786 1769 2178 6949 5676 3246 7726 9152 8967 3102 5744 8179 1938 2334 7750 9913 9090 1052 9747 3675 168 2384 7197 2513 9424 3636 2374 6118 2390 825 305 8140 4169 6020 7979 2699 476 1331 5124 104 8612 8848 6799 7233 2285 3087 1374 5446 506 3233 1913 9997 9962 5899 3172 7198 3479 7103 2643 219 9189 2018 8817 4785 410
1474 3868 6506 3167 667 882 7163 538 3385 1266 2511 9626 4377 9927 5551 9888 2004 7657 6325 2884 5062 9891 357 6335 1284 1254 6643 6444 3734 1185 3677 6755 5474 6038 2906 2254 2833 6784 3476 5753 3707 7107 1771 6418 1352 3347 5028 8406 7777 8589 713 9893 2210 2358 1457 1116 8802 1139 1242 9665 9648 8821 7020 9175 6303 3809 1862 992 9275 2089 6391 1301 865 5576 923 8728 9626 4822 6291 9934 6528 3591 4584 9744 2981 761 7196 5764 3725 6661 7981 4788 1745 1085 3595 76 9440 6340 8800 1173 7843 4268 7011 8330 6818 2971 2239 6126 6817 7562 3036 3265 1018 4863 544 6151 4453 5794 3346 8857 3597 6857 908 7029 4035 4640 5573 9763
7110 5777 1571 8468 6826 1314 7025 3553 1098 6041 8532 7746 8259 22 2751 2562 8366 4337 8676 8465 2857 3339 9180 7280 5533 7813 7839 688 8203 1230 3990 9246 249 6710 5502 1457 1203 2388 955 8412 7426 6685 6034 3666 4082 9569 1719 2886 18 379 9308 7432 7470 3984 925 4917 8530 1888 4210 8594 5096 7162 5903 4373 3490 6184 931 9276 6706 5972 1486 7514 4621 4139 5364 1240 1441 2875 7793 8049 4273 6866 6259 812 942 7587 1222 2168 6625 1721 7657 6729 9639 8024 666 2719 5583 4390 1105 435 4674 4843 6193 1203 7376 480 5524 8057 757 4700 3313 2660 2719 1380 6966 1404 2765 9735 691 4361 1665 7387 9094 7541 9459 7835 5923 6076
5077 9221 473 4771 4574 1596 54 6240 8695 8436 845 7012 6190 1373 3482 2381 6339 5526 3030 1092 1587 4309 975 1691 6379 8475 413 2987 5724 3862 3448 2088 6880 8959 1965 8407 8804 7823 5548 7260 619 4164 7031 3089 420 7740 6825 5402 2151 1934 46 5338 5629 2910 345 5001 2637 242 8846 6327 9267 8421 9533 37 3427 6861 1007 8808 3124 8004 2160 5021 7956 51 594 4232 3662 9926 5992 5165 5487 8557 1386 381 7530 722 6429 4952 5 4005 238 9628 5961 3994 5152 774 9564 534 5773 1155 8086 3057 3972 5109 5329 6123 7945 1634 786 7652 4418 6772 3536 2621 4291 5382 4824 9593 3383 8157 9412 144 4011 9076 273 5647 8455 9733
2794 9029 4623 6318 3546 6014 1497 9601 3525 9831 5678 389 9778 5388 5279 2505 3116 6387 3638 3612 7257 1453 7734 7961 4040 7923 5107 2034 3336 2409 4802 8971 5718 7117 4173 8552 1134 1453 6011 6125 3796 1082 2581 3648 8278 287 8569 4776 1227 1482 6500 3287 2956 3791 753 4699 1223 4932 3241 3993 434 6473 3938 1488 3823 6693 2157 2479 1165 3557 2829 6148 7207 7469 1821 769 3926 1492 9622 2048 4462 6639 4302 7061 6823 4554 8468 5950 1226 1771 4309 1241 1693 9071 173 7140 6406 951 4047 8390 4465 6911 7753 9548 391 6356 9720 4215 2705 1536 8182 4903 2824 1148 4655 2010 5168 8565 1611 3684 1225 2600 8621 906 2362 2343 8495 2071
9741 3643 6151 5785 4218 5018 2179 1884 4828 6424 4068 7099 21 2717 6019 2819 4266 9890 425 5396 8707 2931 6151 5621 4889 8862 6785 7839 4160 2593 3566 329 5220 460 612 3031 3740 4521 5260 2568 4267 5309 6646 6166 2190 8222 9214 2885 2120 5067 7747 3812 8549 727 9694 1241 6413 8075 9091 2282 7877 6268 42 6978 6967 7647 6633 8216 1279 6905 8662 3539 4719 542 963 9825 2034 3260 5396 9372 461 2562 2025 8754 4365 4262 7831 7445 1466 2339 9956 9255 758 4741 9750 6893 8077 8864 9017 2722 7037 5905 6264 9637 9244 2999 9860 6093 2881 363 8357 708 3563 323 6083 3043 9892 8808 5027 896 9394 6575 6565 3419 8736 5691 5956 7395
6956 8635 1238 6347 3220 5308 6275 4767 8658 3242 7389 7638 3509 8560 9139 5174 137 2362 5987 3666 5652 3903 9592 8403 239 2655 1977 2708 1022 1245 5865 4087 8645 4232 1703 5222 5158 6976 7443 2558 3746 5686 3525 375 3962 43 9748 8287 7455 3298 8423 3626 6865 5912 9678 2751 2626 1615 1509 4453 736 3999 8349 2190 3225 2192 4218 8629 592 2009 6643 5264 4918 7931 3895 1327 8571 5738 129 4817 3926 7223 178 1804 1766 2791 7802 2802 456 4931 8820 8639 8862 251 9536 4298 5642 3396 539 9753 4803 8883 7009 1305 6644 4759 1010 6423 7264 5469 9176 3347 474 5035 4220 164 6696 124 4214 5856 6870 6339 169 5760 4217 4320 6445 5947
5589 3202 1006 2646 2166 9717 3793 1555 6559 2494 8770 6832 2110 4196 1627 1461 8647 4717 8331 5992 9344 5707 1164 7944 2238 9274 4295 6527 8846 8989 2761 7675 6887 8562 4857 6090 2930 284 7817 5152 28 3643 3820 8454 5042 2890 3730 4408 9803 9597 3274 8301 4182 3328 2281 5049 4467 9554 1743 9667 1107 7473 8780 6584 1642 195 3718 1697 1120 7273 7633 4952 9156 3676 4552 3683 8144 9269 5891 8729 2347 7784 5228 8890 9788 9795 389 9371 3 2644 9178 2524 9435 4342 1869 4108 9781 1962 7615 6704 7699 3144 606 3028 5990 652 9177 8109 7220 6100 7942 6343 5466 8604 4510 3726 540 4799 4607 1871 3905 1714 400 1440 3749 2770 3202 2677
6057 5004 6034 7941 8181 8757 5258 3771 4418 1500 9534 697 1399 9227 1814 5512 3999 1166 2693 9677 2795 4535 8088 6442 1430 6607 8833 4300 7353 101 3837 4670 2675 913 3974 6173 1708 5966 5006 3211 9711 6624 4976 5312 6526 3538 8889 1049 8997 1987 7543 6476 8637 4907 5007 6788 7019 3909 1291 5955 8782 663 5621 625 3621 8796 6172 461 8913 1807 9675 2889 4427 4433 8220 7521 9282 7886 4174 8799 8608 687 7935 6724 7473 2115 4345 2917 2914 2617 724 5606 3255 6934 3477 5170 5636 9950 317 4754 935 4549 5376 8600 3694 7043 3249 3240 2832 6008 6821 8601 2371 5019 5030 9662 2866 3619 7700 719 3642 395 1412 6570 8067 4259 1978 9438
1333 6532 9001 1728 1364 3386 6575 2736 2286 7692 5524 4158 849 9551 1737 5192 5176 8018 9241 3855 5208 5169 2803 2719 9748 1511 5038 5551 6074 2373 6241 6273 3454 5522 8256 5216 7900 8739 6086 1335 2597 6948 1865 7353 7640 570 9809 4120 732 3232 3050 9363 7132 2515 9781 1393 9635 1173 9929 1001 8803 4432 1887 5138 3130 3771 8122 4665 3134 6130 7167 370 4047 8223 2302 6631 6165 1775 4161 4534 6616 4456 3809 7227 6443 741 8115 6098 475 3862 8837 9698 6806 57 7556 7977 1461 538 125 2590 6208 4788 361 6900 4163 1918 2052 2372 2879 2862 7028 8581 8696 409 163 3879 115 1094 721 1254 721 4109 1108 8502 6842 6018 723 8934
4214 7249 3599 1321 9683 6660 4674 83 3239 7431 5232 8275 2010 3675 9213 1303 3829 7612 4541 5122 8736 3491 5325 5383 2158 7464 5277 1028 5102 6186 4797 8541 7022 7697 8857 8738 7474 5786 8259 854 9140 4047 4789 7814 1163 7182 8191 3408 2126 2837 7186 8943 7813 2313 7841 6459 9733 4129 6368 1587 4899 7140 2966 441 6949 1329 2104 4753 8278 1995 4038 397 158 4932 9002 4561 3045 4919 8071 4641 8933 3746 9357 498 8414 8021 2782 6071 9343 2471 9724 9216 8272 7648 5868 2580 7524 5106 4119 5492 7756 3303 2317 3479 1445 5099 6176 9368 3387 7814 9338 8425 602 7600 1636 3491 8620 5426 9907 8919 6718 7386 8454 4694 8779 1778 7263 8248
1610 3068 9052 822 5711 5254 2503 331 6898 7843 8200 2774 818 869 8829 3242 9354 7049 8109 4527 3968 5161 2491 2150 8786 9853 9715 4135 1465 8160 4368 8150 4165 1749 6716 4143 2968 3103 2030 9736 9006 3305 9680 7872 2167 2174 4516 6809 535 3625 3591 5388 768 476 9987 8485 2628 634 6743 4232 3176 8851 5358 3050 6122 5882 3889 624 4016 5574 227 5412 3263 784 6072 3406 7516 6925 8612 2106 1663 479 8676 551 9886 4924 6121 481 2251 2654 8162 8883 5764 3626 1772 3621 9009 882 2429 924 5526 2083 7281 5096 7271 7849 9477 2044 8287 5904 5683 7423 203 8059 627 4373 716 7586 4529 4872 6491 244 8256 1401 4425 9337 372 3374
3249 8666 278 2335 7804 8552 7605 6006 1664 8026 8209 1026 7755 7917 2297 2664 5268 6585 1273 6352 7700 1718 8061 2934 2433 4993 3284 1952 5117 6354 1927 6516 757 5588 5919 2574 7136 6992 4209 8499 457 5271 7637 2627 7888 8219 9997 891 7204 3281 1393 5077 1478 4214 2850 8836 1233 8433 5200 6482 9576 8273 600 7707 5525 1076 8168 2169 71 5291 9344 3379 8420 2656 6171 9566 3441 1601 6176 753 3570 2150 1446 1497 8695 3211 2927 5199 9533 4717 6596 149 7409 2731 3435 8054 4958 1341 1397 6150 6811 1295 6605 7147 5969 496 3714 2282 1229 1825 6742 8589 4585 3235 1110 5002 6160 5062 3781 9002 6582 349 5262 7077 1888 3322 8445 6266
8499 8786 8989 825 105 3240 8578 8996 8094 8952 5611 6041 7243 6542 3045 4068 3918 2153 6061 3973 2030 955 92 9359 9710 5563 6269 6119 294 3885 2429 2655 1018 4194 4826 8151 9591 5916 3105 1111 1919 7656 7199 2210 8368 5195 6853 236 2248 9204 9539 8296 5125 6115 9006 2244 1583 4131 4690 4477 5193 9977 5610 2890 5752 8537 6684 5009 1375 7843 8113 9611 784 3547 5246 6849 1893 3807 1541 1237 178 9181 8769 86 5544 1018 2390 5558 3607 970 463 1737 6293 2001 2049 8641 1740 5331 2211 1293 3805 4462 7144 9480 8475 9381 3000 4206 9837 3671 1849 3078 1059 5277 8474 3285 4195 7348 7200 5843 1360 3627 1412 4351 7136 4916 9769 8927
5204 2236 5373 8055 8264 7069 507 972 7511 5265 5760 4275 5348 79 1332 8750 8264 1887 1588 7922 7689 8903 4247 9387 5708 5448 2630 8624 900 7755 1161 7853 8988 5418 4910 1048 2799 1270 3857 6980 1173 3337 374 9602 769 9391 5870 1076 1362 4327 5811 5933 5619 3894 8813 2517 4269 7189 8192 428 8211 5295 5448 7940 408 5804 6488 5916 9017 3167 1072 941 2296 3292 6759 3516 6575 2457 892 4691 5018 7769 2848 6034 4038 9750 1296 7058 5233 9980 645 833 7641 8386 8380 5452 7375 6731 5340 3819 6090 1755 8471 8619 2336 8711 6615 6117 7528 122 6592 4180 7893 8666 4217 7582 6317 2936 4139 8739 9920 3896 5598 9717 1802 9096 1267 9077
1071 1727 8541 7395 1402 385 3613 6278 5617 7557 354 5386 6035 1864 8491 856 4683 133 2087 8116 5830 5295 8174 3528 1967 3201 9919 3583 4267 5876 550 1165 8856 5602 8297 155 5326 8865 7846 4115 6481 4882 7986 1062 2039 9688 1139 2375 6369 9412 8629 6968 5931 6 6066 7384 7944 2174 6143 3119 5525 1338 4037 5263 4440 8963 4505 9132 6239 6539 9437 7123 4330 8150 6485 8141 4096 475 5655 7625 8296 101 9080 358 327 8124 1478 1492 1322 477 415 4373 8946 415 739 3714 1165 7120 8256 6062 554 5943 7974 8445 5388 2421 5961 7060 9397 6525 1652 8360 2526 4194 7851 8811 2157 3126 9935 4199 520 3032 5078 5010 3560 2157 4145 9936
6109 354 5796 907 1841 7425 5624 5871 3514 2258 2042 1622 3603 9528 3747 6287 4155 1264 8047 5147 4107 2298 4545 182 3808 9704 2114 1786 7441 6593 3024 4373 7151 3267 2462 3392 4240 1072 9773 1 2486 4630 7515 705 1787 8383 1720 8648 9374 4149 5509 169 1077 4659 8620 6980 3843 2639 8816 5385 3211 3515 2007 9972 4488 5651 5638 2419 4356 6530 3874 1285 7745 5631 3350 6647 6216 6084 6697 3000 5359 7352 6109 5446 9513 3801 5399 476 9838 190 7603 1993 5056 4799 9261 1264 2046 1603 4122 377 6842 1067 7183 4749 209 8893 9465 5529 4611 3348 2082 6531 8651 1232 2917 2535 436 7268 9 2119 5112 8351 9007 1531 9223 7422 1004 4962
8437 5094 9555 4800 200 672 2968 5995 3975 3069 915 9455 8179 846 4516 913 836 739 5408 374 6978 430 7172 5793 3596 3666 3932 8897 1634 7648 4147 3965 4946 2100 6869 1160 1803 3312 1051 7902 5819 7910 5968 5663 994 8756 1663 7595 3469 3245 5835 6681 6802 2093 5831 2713 8945 4822 9990 847 718 797 1069 4196 5058 3493 4550 4178 4869 2079 4379 2445 2479 1856 3706 5992 4159 110 4694 7240 6647 1572 2834 4921 4963 882 1705 9049 6715 3034 3410 490 3592 5028 2765 1421 8901 7302 644 9827 7326 688 2673 6371 6549 7030 6833 4573 8571 7805 9595 6278 8574 6157 8266 924 4461 4724 8774 1509 7547 690 4567 3655 8641 306 4716 4396
1848 1406 5569 7434 4195 6883 3053 9706 527 3410 4546 9142 8169 1982 6556 3573 2884 6147 1059 3609 2304 6405 2814 3327 4734 1560 6101 4303 1699 9795 8022 3453 5685 1999 8272 7167 6622 3437 8539 8364 6168 11 5307 7970 1813 8269 9559 2077 4336 3601 8385 3375 670 9470 3852 1510 4385 7008 6104 247 4757 7024 635 9372 1545 3260 5320 6594 5226 4186 2552 5147 6124 1478 7967 9855 8568 7121 7295 305 989 1716 3812 6159 2170 291 6733 8579 260 3413 8399 247 2202 6962 7886 8160 9327 7725 6340 3428 7631 4346 2434 22 6818 9896 4978 4510 676 4560 3509 8996 1953 6063 9191 4501 2316 5555 8368 6489 7395 7634 2421 2912 9646 1332 7025 8649
7899 6456 985 2351 5411 8651 5340 5311 7802 3672 5297 9711 7635 6898 9666 131 7374 6000 1247 6164 4887 2335 981 6450 8151 798 4768 8469 6138 1755 4513 5744 8243 9810 3690 1214 5527 9622 8189 8132 2324 4420 8885 3759 4983 1836 7171 590 9130 5070 2308 8480 8459 4974 2293 4578 9358 7479 2921 5723 3690 5702 929 101 7270 2376 9860 4198 4643 7274 7153 3459 9315 7041 679 532 1077 5621 6272 4006 7997 4962 472 1211 2153 5031 2313 2768 6196 6325 9577 3249 8276 2232 4685 7237 7046 1988 9920 6568 5364 1587 2756 7756 7048 7094 2935 3409 6091 9923 1927 7013 110 3957 1623 4878 9150 858 762 1181 9726 3749 3098 7163 9170 5277 7283 2247
2183 4533 8604 5130 2772 9385 6563 876 5168 7015 6503 7152 8105 6454 7586 9134 5341 4725 1124 6562 1409 1791 5100 4361 1779 4771 9528 1701 7166 3058 6954 2218 4450 5714 4130 9461 2603 8476 5057 8101 7426 2186 5137 2619 6939 9466 6387 9671 2136 9862 918 1385 6675 6701 4057 4540 3242 762 9623 2318 2807 5736 6047 3070 3322 4452 2162 9012 1330 6658 4351 1064 7862 5318 8978 2713 2548 4414 3968 6747 146 8264 865 6262 3930 8434 4970 1023 9460 5589 5354 2676 7012 8413 4369 5835 1379 9086 8000 3082 5833 1474 1111 1124 5485 3208 3318 9601 6992 8093 6675 5600 7266 2754 32 8925 8022 4967 8517 1514 264 6894 1226 8652 1658 326 8417 6103
3879 6344 7191 6345 818 8194 4541 4735 9510 2028 9545 7069 8082 1708 9974 2215 9579 3407 1943 8771 79 3121 5669 1534 6855 6863 9569 9658 7021 836 5059 9087 6163 7981 3747 3683 8220 4673 3548 912 9497 2402 4597 6684 6939 2697 5818 9253 9853 7351 3720 3803 1494 9483 2815 5223 6763 2859 3774 808 5055 6099 2465 8435 184 9240 9956 9131 9661 3298 7226 9384 1278 608 4052 3373 9840 3171 929 2269 3302 8433 2461 9536 5192 7092 9786 4674 695 1181 3568 9340 9052 8682 7906 5296 9399 4380 9798 8181 5354 4051 8986 3977 5733 4653 353 1703 2673 8840 3777 1342 2264 3618 5242 7771 1101 8354 8964 2507 499 5139 1995 7380 9967 9480 1261 9518
3 6059 7281 6168 886 1274 5469 1203 295 5827 1709 6404 5712 2768 8441 4830 1226 1356 139 8202 1618 6529 6892 1895 1481 3217 243 6685 2873 3519 6819 3810 1061 8799 711 8065 3020 8663 6043 9673 7763 8807 7579 7968 9139 7598 8378 6624 6471 9218 1236 2541 4352 5121 6602 3511 7655 1330 2443 3503 997 9175 7959 4221 4510 9794 2554 3987 6603 8262 1027 528 1811 9202 5828 9215 3486 731 6392 3752 2709 340 7095 6644 7066 7058 596 4190 192 9591 6688 986 4989 9089 2392 4156 7401 4496 6447 9702 727 5709 8534 6264 4661 2215 7637 9909 4111 2798 9610 530 2362 5413 1043 9320 3254 8073 7623 9151 2258 6110 8974 2879 2445 3283 1524 6153
4694 3504 7318 8694 2004 7814 6596 80 5992 3369 8518 4426 9387 9019 3857 6448 7872 5390 6395 9270 3957 964 4271 4640 2545 3594 8895 4925 2931 6694 5261 4161 1689 3032 370 2258 8294 7487 4560 6496 194 2519 8910 1953 7324 4238 2570 6647 5415 2906 8168 8394 8654 2721 3375 2804 2334 7599 4431 9234 4102 8831 8103 1956 4539 958 2068 7245 6873 6751 8713 2336 9412 5445 7179 5712 5458 9038 6381 2653 5403 1971 5006 1654 2248 5593 8236 3426 6630 9948 9281 1613 1417 8393 6788 6254 4958 8957 6350 9337 5188 6941 4263 2412 2115 3424 2873 8261 1247 2447 4179 6777 6423 3024 3647 431 7704 6758 790 7468 6929 9113 7710 5295 4559 2974 9477 9805
9274 1436 1944 6711 7290 5430 8767 6621 6498 8858 4970 3663 2756 1824 8340 3034 8573 647 979 9114 1261 9923 977 1232 4341 7641 623 3318 4158 576 5579 3557 8356 1525 7577 2560 6571 5974 7894 6758 2824 3091 4346 12 839 2292 4793 9871 1484 4206 6806 4543 1604 6907 9141 7426 3532 8647 7726 2815 210 1854 1205 5252 450 5833 1799 289 9649 1667 4395 9 517 6296 260 3806 7517 2734 5398 8057 4328 6535 3196 4255 7467 4482 5114 1634 2263 3497 7632 2377 2077 3683 3895 7797 231 8462 8501 8947 64 3441 2643 5850 7711 5210 7525 345 9010 8997 4219 4869 8024 723 4177 5460 582 9783 6891 880 9171 5735 4 5524 7146 3436 1993 2823
645 4537 5744 5011 3642 2167 4153 9962 4945 4439 742 9469 4260 7830 1731 9425 5827 2871 9595 9688 2179 8149 2438 2022 4923 8189 7790 7091 374 4067 6163 8611 8971 922 4721 8093 680 1358 6934 6433 6715 5387 749 6390 2805 7413 7782 9758 4113 7231 5354 3759 1489 80 5599 2098 652 7813 7994 9020 2235 9358 9649 6635 6019 159 869 1947 1053 7136 1652 7290 5346 6864 3012 5691 9920 6325 3533 4189 3772 1066 1907 5098 8639 605 5863 5034 5526 1526 4134 4935 7876 3480 6286 6256 5377 3831 2700 9338 989 748 1263 6992 257 1519 3082 6684 2327 9114 184 30 7758 1627 8530 7798 1097 5749 285 8254 3771 3490 7868 843 6244 3405 5886 8278
3092 1045 9666 674 6302 7595 5303 8447 8869 5597 2197 3159 2937 9390 7529 285 8421 8566 3921 8858 5466 8463 1857 7829 6434 14 1791 4020 6659 2018 1360 8798 5993 4863 1308 3899 5823 4643 762 2716 7333 5998 250 9392 8403 9759 4415 3346 4065 3644 9835 1248 850 9588 160 9047 1178 9444 8257 6066 6659 2688 3459 5383 9964 5092 2714 8731 3657 9894 5640 5289 3242 8651 7302 7030 8127 6432 6694 5666 3577 9865 2368 8011 8029 1622 2193 6254 2831 553 8781 9262 5924 7775 7556 3210 3702 7149 2761 8306 3020 3865 1164 8969 6361 4735 5837 4408 7668 1002 4312 8320 4057 8079 1976 3354 4813 3782 1703 6592 7660 636 4261 8482 4395 3735 9967 4652
4778 3548 6736 4083 6984 6087 3344 272 6348 5774 6774 7902 9689 6848 5987 8421 9568 6479 6128 5059 1725 1675 3579 7621 5893 7306 2581 7946 8389 3945 5026 472 2867 2230 4800 371 4940 5060 1818 2988 5333 3853 4558 918 9454 8959 687 70 5949 245 7081 7409 7549 6094 9384 6279 3391 4925 4376 2327 2903 4100 166 4860 7728 1163 6501 6043 8294 5945 107 1444 2757 511 9310 3951 113 6095 1360 3326 9998 4278 6632 9226 2140 6502 327 8816 2381 4773 6088 2808 2867 8768 6555 676 2310 1997 193 9692 787 5087 8546 4321 1879 7147 8188 6580 5737 5872 2144 4499 7535 187 9392 5842 1801 5799 3014 7090 39 2769 464 4823 9203 5011 4406 4458
328 7411 9447 7020 6037 6172 7553 3862 8763 8459 500 8306 55 1777 2860 8044 9374 1732 5944 8894 5191 1028 1559 5386 7683 2322 9474 8746 8825 475 2952 6480 8314 4974 260 5994 7295 1615 5171 6618 8223 2232 6154 8804 593 3047 4464 2260 6741 4810 8984 7920 2379 410 9238 1126 8149 2147 8590 6456 7758 1347 342 5407 2496 3013 3068 3570 6166 9498 8635 1987 1086 388 3611 3285 7395 4328 3303 7711 5660 5897 7255 7710 1215 7968 2020 461 5585 4483 4200 9467 8636 1798 2380 2622 5848 2445 4339 6674 1700 392 6001 4564 4223 5986 9639 8220 2685 7633 5247 2706 4931 4516 8139 8011 5912 6488 9517 6262 1144 139 1354 1042 7349 7646 5985 6994
9912 7125 6366 3620 7605 9135 5076 8546 8415 1234 3495 6749 1485 6148 7776 4425 4135 1809 2615 5548 8736 658 1718 4897 9446 6217 9582 2877 1388 3231 6263 9165 9442 1659 9319 8436 1451 1570 2569 5841 8559 8655 1882 9732 7991 5108 1901 7226 9728 7375 3274 9473 4639 572 6593 7559 5315 2438 401 7349 9315 6764 7805 7120 4409 3619 7599 4733 4922 469 6934 2066 3291 6985 9284 6047 6243 7774 9566 8147 8846 8486 9278 6796 2197 3434 2216 7704 46 7724 9821 9092 6685 8067 954 8271 366 469 5886 3764 6580 9100 8441 1167 126 2249 2548 9389 2031 2031 7164 1359 3121 326 3291 3383 7204 3726 4956 6084 5595 5348 9649 1547 9636 2377 8761 4432
8477 8987 4271 5791 7891 2835 2587 335 7764 7939 2529 6354 169 6274 2041 4455 8481 2121 9466 411 3767 9263 2561 488 6045 6891 8893 1026 7386 5992 1584 2841 3808 543 8885 6335 2005 9115 9730 7587 3026 6983 9620 572 3785 751 5034 8638 2623 1022 8006 1754 4434 8025 2025 417 2390 7616 2605 3182 7030 7339 8999 6244 9643 230 8697 8574 6877 5408 415 5641 3635 8404 8610 1849 118 8966 3013 8212 4894 8668 7443 6525 4505 6439 8123 6798 4027 6950 9117 5752 3164 9722 757 3516 1600 7878 2382 9081 1638 9119 4359 4185 9994 5813 9170 448 408 4161 930 5177 7347 4988 2000 6275 6503 2799 6637 5544 2264 6731 780 1798 8618 9067 1226 5899
4323 8346 4379 7760 5543 8590 5550 7184 1578 1733 7063 9586 1781 5971 4191 3172 470 5399 7739 3849 7264 8514 6573 7680 5360 7098 1068 8165 6722 3074 7924 688 7532 78 2551 6930 2213 3317 7616 3393 7089 8402 4697 8904 4266 4650 8834 1434 9801 8686 1633 1191 1676 2938 3118 5726 9601 1552 7169 9044 3966 3311 22 1532 3960 6090 3889 5357 8966 4049 1437 9674 6674 6186 4032 3692 9116 7287 7160 3482 3129 3918 3722 6071 3061 5246 327 3599 5989 3821 2333 7247 3166 8639 4146 6157 525 213 7861 1034 5970 3256 5260 9525 6335 1909 7070 9999 5729 7576 3398 1495 55 4869 3101 6980 431 2139 3995 3228 405 7728 5738 1409 5980 6410 3743 6292
4197 7272 4511 7103 8075 7596 8314 2544 2392 9465 136 2628 4128 8570 4700 8188 9673 6895 1147 4916 9503 9840 1435 6136 2181 5970 8622 7419 7260 3478 9010 715 7455 2579 1756 8513 8566 926 3287 2314 3720 3658 2043 2553 4014 1295 9689 32 5186 9364 8575 1000 5217 4045 3641 7508 1031 6957 5437 1854 8618 5303 4327 3118 1999 7235 9929 9020 352 2340 2255 7728 4982 4304 2304 3332 1917 4309 1900 8658 6605 7464 5650 7889 4564 9108 7311 7082 1003 2866 6864 3523 5209 738 396 2589 6721 6097 3175 9262 7401 771 5965 5610 1355 2564 9793 6758 6351 8899 2028 6570 550 7758 581 9273 2830 1364 51 9274 1821 3854 880 8694 651 7799 8252 8858
5356 4012 879 6273 4913 9294 5323 6854 1026 79 9316 1144 8055 1672 6647 4054 4403 6869 8871 1472 7962 9402 774 2782 9344 8932 9973 2217 9865 1212 5625 5828 9278 4982 4463 8754 9635 2318 2966 125 8385 9142 6738 9449 1710 4283 2150 2957 806 8386 3122 2239 1188 6541 7784 7319 887 8080 909 9145 3674 1600 9549 155 2725 6269 6067 4112 4161 3566 3237 3201 5095 5696 679 960 8998 1986 8193 5173 7683 6860 9774 247 8471 7189 5264 1597 7455 2393 655 7209 5434 4168 6442 3322 3880 1082 1399 7247 7475 6795 4090 7571 5948 8730 3639 8048 3541 1998 4398 9735 1606 4144 3255 4307 1457 1337 138 6627 9130 2766 756 1678 5728 4731 9836 5790
6783 3834 2131 8998 7065 6964 4658 7167 8554 9595 3253 3123 5066 4401 76 3967 1285 6275 7600 7405 1955 98 8729 6326 5657 3919 7846 3067 919 5810 9336 6381 8463 9458 7401 7362 3892 6896 1009 5018 1520 1240 680 3168 2026 6066 344 2642 1810 5236 4420 1038 3528 6749 1880 9847 6644 7318 7320 8650 65 2506 7220 2768 7554 7749 201 3410 7352 9065 6 3638 7433 9248 5918 5106 3835 4298 5252 568 6935 3979 2777 816 5475 4199 828 1877 5004 4786 9485 2777 6338 7179 4332 6818 2291 6179 7015 3903 4345 8028 5535 5240 626 5560 9833 8734 9052 1597 8672 8860 2342 5524 2948 5695 3149 8470 8873 5644 954 1791 8614 5233 2617 5615 239 5659
2305 2572 8818 9090 427 1440 5356 3880 2800 767 7056 3730 2348 1487 1357 7593 2675 8704 6936 1817 5407 8662 3104 4499 8958 1012 723 8281 9398 8055 227 4005 8345 4129 4790 7843 6251 9832 6153 76 7568 3578 5123 5380 3802 6792 7203 5259 9178 3359 1517 3927 5290 622 8825 6755 7497 7036 3619 5583 3397 6675 1114 8466 5923 1436 1561 3842 5997 9860 8723 4015 4944 9353 7248 1451 1264 8924 662 7230 9251 6812 4954 6439 1773 9144 8470 9633 5356 7142 2672 6010 1820 9254 9136 9734 3008 2859 7736 6038 4046 4865 9147 6202 9519 5803 638 3476 3765 1063 6385 577 2724 1887 9372 1687 598 7799 51 895 5531 1503 1425 6267 8542 2152 7919 6182
5202 7337 8616 5641 941 1875 1970 6247 8286 322 6384 5741 3767 7004 1728 6569 3230 5493 2074 790 2171 6129 248 5074 5114 9292 390 5008 2702 5993 5340 9277 751 1670 1429 8247 2507 8582 6162 4711 2986 3936 2471 2359 2773 5246 5956 6683 2473 4028 2768 4846 823 3015 5560 5831 6883 7304 8968 4517 6345 5501 123 4254 1941 2377 5899 5160 2284 1798 8349 5167 617 9514 2485 7872 4425 3865 9955 1902 4445 3209 6057 405 6269 4032 6878 7109 4012 8899 1751 1960 5313 4707 663 5157 2459 3657 7923 6152 6995 2447 2055 7939 8278 3967 8286 7824 1142 8932 7405 9100 7933 7541 1949 7991 219 2767 7641 5195 7789 5287 4156 1153 6893 1850 9040 3000
821 5208 7719 6972 5686 6882 9835 518 2816 5898 9976 9802 5648 3655 4252 2479 4144 1480 2082 75 350 5563 1450 2821 9127 516 4984 9276 1909 8155 9482 3937 6465 9826 5331 3309 2159 5369 3080 3829 1167 1794 1252 3495 7027 1249 5243 66 9081 8798 4573 97 2895 4064 7366 246 7197 4882 3284 7736 4030 2749 5390 5004 6372 1717 7026 4475 65 9506 4081 211 4217 7659 2858 4717 4990 5170 4909 2763 6146 1601 1648 415 6877 3108 1884 5540 9266 4068 1070 5780 2345 791 6175 6348 8703 9671 442 7886 1309 7236 8419 753 3071 607 6408 3144 1976 1031 787 9883 6214 1297 760 8988 4731 7154 5351 6199 6201 4473 367 8208 8959 8754 2341 4253
233 251 4969 5677 6185 7416 2858 1571 8757 1026 6540 6414 3439 6927 5255 4952 4109 1992 2966 8529 2025 3805 4152 4354 2555 3698 9459 2082 9933 4477 9562 3100 781 4299 6103 2747 7097 9166 5317 6301 3287 5399 3089 6105 4206 5228 1370 4956 9619 2115 1750 8638 1706 2937 5846 2580 3606 1240 768 8211 6960 2806 3733 9036 5291 9398 640 1332 5176 5170 4691 6345 1396 6664 9155 9756 6138 8285 574 7399 6281 668 1846 7282 6172 8268 6455 6115 2582 87 8602 9269 6165 2364 6148 2955 5405 7763 8972 1016 673 8928 5844 4065 9135 4981 373 6329 6621 6218 1554 6855 3171 54 4757 7777 4819 5000 4832 9497 7973 5275 2754 1129 289 6288 7442 7080
4529 9478 8595 5970 6197 5651 1392 5524 8957 1627 4478 2595 6099 6978 5605 802 9523 3447 5344 6233 3565 9918 1769 2293 2211 4897 9147 3765 6996 4818 3220 8672 108 8359 8335 9158 5298 7401 59 1166 8638 13 3710 6056 919 3062 287 1492 8542 7528 1644 3573 417 8283 5950 5672 8010 1959 2326 1061 6095 2652 5431 5013 8380 72 1830 3530 1251 4169 2297 5084 3616 3632 4310 4162 7611 6432 7773 2877 1018 1961 1785 5085 5118 3381 2706 1597 8073 736 6748 8984 915 2899 8688 5040 1204 2955 5391 8882 32 403 8974 6031 9488 2646 6075 1403 6288 8798 8076 2991 9625 4058 2156 8746 8050 9240 340 4596 8268 921 9910 289 2963 3322 4926 2288
2491 5765 7672 1615 4525 1891 9291 4098 2703 2442 9462 3773 3487 9386 3676 1209 1160 1053 406 4538 91 7933 8519 5064 7438 8326 9095 3224 4553 1440 9760 3843 5325 7367 6028 7298 5367 8896 747 1873 8375 3438 5573 7732 1004 7083 7896 1748 1936 9346 5187 3621 2873 2143 3767 428 4914 7067 8740 3736 7882 466 3896 1973 3782 9554 1071 9 9231 7248 1234 4986 9456 5441 9247 422 5220 8185 2620 5281 5772 5039 4146 4095 7071 9512 5583 9672 5110 2799 6605 1384 7286 114 2024 8607 2747 1790 9681 671 6441 8946 7236 4147 2807 2478 1346 3193 6135 3429 3536 5122 7508 9073 1763 4013 3172 1888 9709 927 9978 2787 4533 7816 6375 6411 7505 9413
4721 7903 8714 2678 8264 3640 3571 9996 9763 6267 6552 59 4771 1228 2154 8470 6115 8790 2177 572 300 1199 6271 6293 1923 2991 9532 547 775 8961 4099 9257 3292 9939 5229 4560 7830 8030 7752 1706 3107 6821 342 4551 6481 7207 4167 9904 1101 453 8466 2428 2350 473 2432 3736 8093 8675 2469 9472 997 6885 9323 4290 3950 921 9964 7925 4432 1122 5181 9418 6733 5463 2474 2602 1079 8024 9324 8163 8919 3632 2881 9165 1440 6627 3439 9685 385 7675 1584 5473 1666 4056 7136 3933 9633 271 519 624 2444 8550 6715 5545 1902 492 4304 2295 9510 8194 5077 3738 4142 4426 174 7185 6047 7079 1364 9520 9609 1851 5233 124 9193 4552 3613 5174
794 454 1560 1644 7922 4810 6837 9456 8656 8432 2397 6437 2862 5456 6895 7286 8234 4971 6527 5654 2135 1031 8105 2922 9887 5144 9153 2518 1144 7360 6025 4540 2339 1062 7819 1246 2878 4554 3848 3108 8936 142 5706 7524 8329 990 7587 1734 4909 3750 2020 4986 5310 5213 9587 939 1885 1444 7532 3072 1556 3868 4868 9784 4233 6435 9733 4760 6494 506 1547 7266 5228 5310 3188 8021 3340 4035 1742 6024 9020 8747 9762 7929 8466 2628 9361 1126 7285 8942 2332 3774 6752 9972 9749 6246 2322 8770 6565 5233 3115 5223 2843 560 8514 7728 2682 2213 2244 4115 4133 2795 1242 8400 3990 5995 1159 5383 9661 9618 9323 5227 2751 5562 2372 9529 3074 1317
9519 5712 2620 7475 8582 796 9104 1275 3735 9774 4640 4482 7432 9437 3052 3697 316 6789 2531 264 6275 8725 7709 6328 2070 2579 4808 5877 8798 84 1636 9638 2556 9998 9885 9145 2736 9072 1650 4638 5007 5028 4656 4254 4447 8280 1808 1736 9330 2032 9172 1741 7944 4427 7869 9206 4596 5918 9197 2123 1752 6893 11 489 7577 213 260 3669 7595 3623 1869 1797 1299 2631 200 4578 1237 196 463 6489 3368 6368 7667 6409 2441 7312 8036 38 9536 881 2410 6791 8513 2495 6776 8979 9488 853 5118 352 3483 8216 1603 4601 5283 2554 830 7475 2273 8257 1084 7287 4855 3595 117 6703 3940 4235 5235 807 1697 8575 9592 7025 2388 9054 6098 2713
5348 1091 7386 8336 6012 9701 4006 2120 2704 7516 1306 9259 6352 6217 1283 4114 9969 2250 6697 6205 9576 6781 5036 3910 3603 5181 9050 3495 6061 3060 7375 8104 5216 1598 115 2980 6409 5914 2002 7328 442 8923 8605 9561 5448 2123 3173 6601 4394 6161 6924 8686 924 5765 6631 4118 2935 5029 2517 8570 8925 2346 288 5824 1441 2078 8091 3024 9438 1047 6149 9655 3670 6420 7405 6518 6983 5130 4012 5310 3309 329 6187 2475 9618 836 5488 1806 5184 4376 5922 2471 1900 615 1035 8883 996 5472 8995 6089 2480 1116 2290 6500 7214 5905 384 4575 2227 4521 7477 9860 8568 6736 4078 4339 161 8630 6744 3525 3474 4183 866 3820 6499 9529 8939 5259
5957 9666 3256 8459 8642 8421 5649 3543 5448 3892 8568 1878 304 25 8756 7898 3993 4697 3155 8872 8904 517 4494 2386 3100 295 6157 9293 1285 1847 4913 8440 440 830 2694 8712 429 3617 7452 1627 6587 1873 9787 1308 1183 5967 2000 4830 8027 8999 4575 3251 6967 6315 8808 9070 7457 240 2903 606 631 5451 5917 7090 909 9105 1219 214 2779 3988 5221 9017 3273 2385 4110 8296 3822 6062 2383 6841 9058 5847 1903 1212 7700 8422 1302 499 4473 5429 489 1906 19 7540 9439 6203 5967 9288 747 2937 478 6080 6693 2415 373 9969 2186 7141 5528 7933 5123 9335 6795 8302 7304 3220 9004 8649 5592 3700 8013 1693 7930 8708 1775 1108 1085 3815
3901 9888 4969 3379 6178 8735 7733 322 5647 6126 9666 2854 9030 117 1576 5779 6707 6091 7458 7080 4867 4605 6891 5733 5350 7281 1630 7986 1209 3340 5742 5324 885 8763 2259 7705 8214 5104 4633 7897 7439 6933 1215 8671 4562 4418 712 3624 9833 9674 9350 706 7847 3186 573 1284 180 1586 9064 6456 4598 6168 2576 5390 3201 9511 3166 8055 2131 6460 2248 7028 1506 849 9455 3411 8195 1184 9866 3996 1122 3343 1439 51 6053 8641 7680 4294 489 2786 9430 7747 6514 1844 8909 38 7964 1462 2699 5901 3140 3545 4572 1458 8984 4340 38 7727 3118 6973 8781 66 9830 8607 3984 5560 8614 276 3567 748 9709 312 8155 3690 5242 6180 1968 73
7471 2149 8297 2923 7375 6565 718 5830 1867 6462 9599 3514 9180 2397 1065 3083 8056 3596 1278 7223 4964 9566 738 4643 4389 7371 1545 7675 1627 6434 3753 1282 901 9598 1934 6164 6310 5484 4625 9607 4426 1481 1767 1074 3873 9806 4893 5810 9923 9003 6631 4128 6760 3358 7471 816 2455 4347 4552 9002 4194 4926 7204 9141 693 9819 6716 3847 9573 2613 8216 6782 5372 6426 1325 9029 1328 9594 5227 9235 2800 9740 7151 6491 3607 9988 5584 2408 9863 2894 7021 4679 8079 5346 7615 8572 3692 2496 3538 7451 5166 3745 2171 9601 1732 2279 8002 7322 1924 7183 9941 3548 9458 4964 5443 5193 4421 9120 1741 9011 869 4331 8104 4798 9443 2269 4437 5708
4056 5624 6957 5507 7444 8951 3858 24 2207 8739 1350 544 9163 4938 6446 5193 4098 1079 2330 7069 38 9961 3739 632 5077 1888 6688 4730 9842 7314 4144 2336 9146 588 2112 3936 1645 3417 1620 7385 7329 9263 8085 1268 9562 5593 5515 5520 2862 1422 9119 8751 9559 3434 6291 5949 2976 1274 8385 4221 2608 5231 7005 8206 1395 3831 2381 5387 3597 5476 2552 7 541 467 2268 7296 6428 8992 9658 5713 838 9837 9585 6829 7522 5694 3315 6218 7689 5879 3748 2998 5996 2234 961 9923 7142 9326 4102 9753 4593 9605 527 4424 6358 9458 6479 1014 6802 8195 239 4603 7112 15 211 3432 9345 5811 2910 9704 694 5812 6093 2718 8041 305 5946 4189
6001 8159 5286 9490 7685 248 9119 7298 8001 1539 8347 1942 9073 6236 9354 1103 7544 8744 2549 5393 4044 5873 3104 296 2635 6311 4205 8842 1007 2724 1071 4940 6265 7035 3506 1077 9177 3931 6070 1721 383 2124 5948 2109 4690 4464 2888 9222 4884 2176 9328 7926 2523 3189 9020 2262 1195 825 736 9807 8196 1258 1655 2995 604 4724 6360 5503 7851 9426 7142 340 1933 8764 1710 1814 8077 9415 3727 321 95 3064 9102 2944 90 8353 8835 1813 3599 6235 183 5639 6741 8118 1850 5760 4168 9347 7725 7555 9134 7204 4605 23 4320 7369 3360 9683 598 2817 1650 2075 7185 1581 7415 3565 6431 509 4229 9395 5974 8880 5326 6390 382 2326 8671 9525
708 1373 7868 7859 7453 9506 9900 3333 5798 4276 4153 4813 5592 1836 5348 8158 3616 7098 8351 3740 9893 8257 3559 2782 8083 1974 3361 6659 7419 3896 5601 4166 2451 6647 4950 9600 9141 5512 1286 9649 5193 7506 3466 5256 1305 228 5030 6884 9358 4046 3339 9615 8133 1517 5267 886 1214 2853 4299 1874 7321 3629 8712 9765 7368 3145 3567 4054 489 7982 9867 9671 6243 9595 5524 4401 3365 9169 6888 7006 4186 6791 7491 3600 6420 1839 625 6057 6217 8302 5149 9255 2600 2927 2401 3269 8779 844 8575 885 8589 6114 6866 3954 9165 911 5376 5440 5875 5780 1143 2066 8609 8434 6352 4061 4414 8673 5156 9024 8054 8713 1 6159 1427 6049 2031 5515
9454 1523 7724 8385 8629 8582 3100 8245 5228 45 6324 5654 8667 887 3736 611 5615 5734 4263 5973 6233 8614 7044 836 7414 803 2684 7825 1923 4590 3066 9840 7287 7039 5851 4967 2948 2959 5705 6399 4429 6074 8545 4500 8411 3555 7341 5786 7054 9656 3416 931 4782 7411 2232 2630 9054 7752 7713 6382 6938 6371 8154 2179 9992 5367 2331 8530 5894 1716 2665 9453 767 2963 8754 9176 7610 5540 8868 3092 3269 2021 4197 4972 374 4762 8319 2190 2189 1753 212 563 9901 3364 5877 80 4822 1221 3928 6592 7443 9697 1936 4041 6711 5972 963 5328 1299 9638 9479 216 826 9900 212 5655 6832 1200 4133 8361 2793 1571 3341 2395 9114 3278 479 4491
1777 1616 3745 2962 5302 4383 6858 3419 2016 3589 7621 8100 7956 719 2260 8390 7933 4570 8230 9634 9412 366 5625 9044 2237 5131 7371 372 2799 4016 8923 9974 548 8390 2114 743 3979 884 9482 5565 6855 9031 4692 7498 4011 32 9979 7724 963 3504 6255 6471 2822 1457 3584 2037 9926 8745 6249 9700 6144 9243 7418 510 4481 395 6068 2626 3648 7035 2550 7094 9856 2102 2668 6300 7392 9695 8019 1214 1931 3737 7201 8179 7068 4197 6547 1166 4095 374 8853 3737 3695 1255 1036 9837 887 6198 1519 7139 7978 3181 381 8539 4432 6365 9870 827 7494 1063 5633 4621 1928 5506 3151 6438 32 7713 6645 6947 3086 273 3086 2205 8947 250 6142 1684
4170 1881 5131 8225 9715 2445 1367 8146 7009 1428 2075 2713 1992 3038 3516 8202 9234 126 1173 2884 8687 1438 2870 5723 9183 178 7438 997 4003 1688 6154 762 7803 6568 4780 3377 2127 7942 4748 8044 9353 1318 2598 1951 2432 6524 5249 3574 3942 4053 1791 1496 9228 5015 4723 281 645 452 3029 1046 3971 1488 5125 8440 7948 8 52 855 7121 7843 4183 5992 3493 3297 1963 3674 8224 9178 2719 7722 1049 8168 7125 5504 9283 6212 2513 5799 864 2011 3368 2125 2513 2105 4868 5589 3701 4053 9021 3696 2102 3581 543 4039 2845 6460 4788 6130 592 2589 1838 2730 9332 9683 4960 2982 3645 9159 1364 9236 9838 3962 8466 7844 7149 5936 9023 8884
3935 4358 4805 3384 4802 8874 3417 3006 4164 8655 147 4231 6439 2451 7295 4433 4354 2613 2315 3799 3527 4439 6146 180 3121 8503 5269 5096 2756 2155 8945 2999 8930 9599 7718 4603 8240 3589 5540 3074 7052 2157 9456 2639 4582 891 4823 9053 6216 947 8358 9878 194 6410 5864 2789 4666 965 735 7584 3956 5167 1783 8038 3276 4389 9234 8563 3525 6524 487 2508 3240 7122 267 1805 2037 8555 8504 6613 6138 8163 4975 5549 5894 4477 7770 6659 3296 6806 7184 5877 7983 2378 9907 6721 7904 921 9952 2747 6771 7270 5938 6396 5212 9046 292 9394 4679 6393 3815 6457 6042 3547 8973 3629 6841 9194 6933 7068 950 8977 9327 4919 11 7390 6282 8205
1432 8251 158 9456 1746 4089 1641 2107 9804 9729 1372 3828 7968 1414 3140 2698 8229 9126 3114 9004 2876 9755 7300 5601 4031 252 7259 6380 5316 4149 7589 1957 421 5644 7329 8789 8870 8302 6013 9225 2505 1140 117 1019 7786 8090 561 3926 1168 8373 3363 7504 453 3147 7557 2880 7106 9632 781 2735 4870 2176 9736 3318 9031 9411 9986 6526 7275 5863 8777 6040 229 6071 2625 6677 4029 1689 8050 199 5737 7066 3294 3724 6631 721 4995 57 5419 9763 3078 1876 6518 7208 2915 8352 5985 2710 1815 708 8851 5652 8080 9180 7984 5319 4493 6919 5314 4471 1944 5862 2948 4334 6661 7087 4743 7696 7067 5620 8866 6330 7011 7102 6433 4328 1045 6315
5563 9725 9541 8417 2804 1634 4608 1037 9935 9962 3300 7554 8687 2126 5556 6639 5804 39 4474 8693 1834 4962 4491 302 7640 3247 3121 2585 8489 8434 8052 4651 4878 7547 4846 3765 7125 9415 1847 801 6478 8237 9811 7350 9349 7825 9115 3000 6484 7767 2605 3425 1603 2752 6422 397 1669 3761 4754 537 1032 5360 558 5616 2097 2792 5465 2321 4777 2387 5077 3329 6943 9339 4511 4720 8929 8766 9334 3582 2160 78 8637 5755 1037 6009 7996 9705 3540 1837 1903 540 5573 8407 1142 2489 4161 9489 657 6173 9150 5554 2316 9851 5335 6001 2997 9240 5455 1639 7348 6881 8003 6773 9332 1551 3457 4111 3570 5472 3318 2241 1711 4224 8684 6453 8701 2293
8707 4862 9934 5687 5754 8849 3625 138 8754 6653 8227 6904 4646 8117 2552 6592 3949 4058 3775 9800 9838 1012 4695 5061 9296 600 7773 9711 6718 4824 7784 528 3277 4238 4875 7702 9058 4631 4997 2975 1436 1840 7358 7842 9863 5431 1350 2126 4531 838 8610 1972 1322 6269 4894 5465 7488 5809 1347 7831 3871 2357 909 9556 6749 8602 2834 4678 6655 5646 3860 6747 1609 2456 2609 5527 7526 734 8958 824 8569 8782 7976 965 3916 212 7854 6494 8334 3262 2634 3681 4876 6630 6388 570 6791 4985 4226 2459 3996 999 3551 3502 1537 5065 5916 9077 499 8345 5580 9233 6437 6499 9967 5396 8610 3163 615 9979 433 5966 3678 1143 1285 7510 6291 1419
7410 4337 4283 2578 9880 7207 8560 6679 7726 5065 7912 7202 7322 7844 2908 884 3102 2111 4700 7986 6313 4711 2621 4754 3550 5500 4713 2765 7755 4856 4658 3516 5240 6072 6638 521 6519 7119 9974 4803 1460 2397 2041 1084 6173 2109 987 5793 2702 3858 737 3742 3051 1853 9438 5912 9499 9740 614 63 6893 8272 3519 401 3412 7538 5623 667 1082 7866 1469 6144 5414 1713 6912 2795 1834 8144 9151 6784 226 5690 6272 5632 7191 6734 7082 723 7370 7709 4231 2166 8343 908 6 4482 5922 9359 6274 916 9766 8792 9105 6834 9252 8246 6337 6752 1729 2552 5770 1583 3908 4246 734 1191 9590 1881 2333 4832 5508 676 4337 469 1359 2646 2139 6308
7367 3259 9163 737 5694 6887 3587 4025 5536 956 9449 1040 8411 458 9194 7112 3831 1721 9205 763 7331 7467 849 2235 5418 7064 6827 7875 8247 6449 7419 69 3272 5872 8290 2895 9612 2668 5684 5544 4391 756 2864 2780 3504 8110 2661 5507 8672 3311 8274 180 5080 9796 4434 3475 3902 2258 9312 3075 6834 3625 3681 6456 9042 4635 6861 7142 6003 8282 6117 721 1752 4723 3262 5776 44 7650 3501 190 6801 7859 9286 2329 1942 9450 3718 7084 8762 1813 1524 6902 2582 214 2693 5035 2325 503 9277 885 7709 9254 204 1174 9236 8400 4195 4146 5947 1718 4644 7879 4322 5863 9648 3869 8111 4335 591 1163 5267 3059 8389 7465 864 2024 4873 3086
9048 2250 8537 6786 1694 9667 7300 4523 4276 684 8907 5349 7645 2783 9330 5355 5197 9900 7866 346 6880 2826 6642 7838 4028 3841 9285 7984 5843 1218 2674 1340 2872 4860 6468 2921 3143 5547 4755 1672 7000 840 1504 9653 7172 1150 3780 713 7746 6328 960 1275 4336 2216 6288 2202 344 6799 3406 8138 7295 3970 2972 6057 9614 8509 497 6028 3904 3101 17 1891 2589 5461 5048 5290 9873 4614 4229 8332 2999 53 2506 1829 1062 120 1057 5323 4479 6084 2574 7847 3286 6219 1746 9142 9852 2711 3930 3290 3078 9833 6066 4770 7492 9639 4570 9141 5090 6132 3206 2571 9523 361 6352 6773 2954 8626 8711 3730 9860 8771 4831 1289 9498 8713 6823 1514
2467 2400 4878 4160 2972 4837 13 1779 6692 8176 5937 1231 9649 5219 3054 4239 4295 6652 4092 9889 8600 4818 9441 5031 7113 8839 7554 4301 904 9782 7392 6535 8008 1192 335 7884 1196 1475 3701 4362 8979 386 4959 1679 2088 9213 6807 207 7495 4856 5393 9750 4678 859 6019 9725 8365 477 5135 8320 5143 5382 5895 5560 1748 1410 5554 7363 505 7473 1152 2079 8407 9966 5783 9024 7590 1321 7670 1660 9834 6910 829 5354 2064 6637 2178 6428 7109 9865 652 215 3474 633 6855 4781 9396 86 6265 1299 5680 4997 5415 8515 2726 8446 800 9330 5960 407 3231 6132 574 4384 4168 7293 9192 3453 3457 9963 365 7116 9657 1742 6208 8067 7953 3115
3684 1610 4078 4978 9343 239 9445 1237 2837 2279 5987 6670 9438 5860 1394 7637 3418 1884 9239 307 3862 5755 2027 1181 2717 55 9651 2736 1546 6995 1891 1950 3145 60 7192 1112 7606 4627 5766 3318 1268 9958 5293 4592 1899 7271 9963 111 1290 2267 340 7611 1464 9763 5457 5116 6553 8594 7559 1291 4134 2603 4978 6960 2658 2534 1022 4319 460 481 8456 9401 3037 439 7240 2119 8179 7570 9342 6580 2678 1203 8534 6430 390 109 7021 8919 6582 816 4788 6309 7962 7851 5113 9301 1383 2887 6921 367 8104 5355 2448 3646 796 5356 5441 9362 7830 5591 8398 7675 700 3634 7280 3728 3900 4604 2867 9292 5582 7338 3443 2906 1118 8325 3435 2271
4570 8851 7542 1035 728 6833 264 9190 950 1453 7558 9900 6636 1603 9063 4626 2236 9396 6354 3936 9515 7095 9077 9384 965 9956 309 6559 2040 2975 4679 231 9739 4274 8671 9311 5658 4380 3655 6662 4613 6954 8840 1946 2676 6278 434 777 2214 284 185 3836 2182 1295 6144 902 4274 5095 813 9427 8383 5805 7909 1847 7709 6853 7151 3092 3605 7710 9406 1828 1018 4215 443 4587 5970 7821 6803 4906 8878 8865 6636 6592 1962 908 1111 6406 7188 444 9926 5568 1322 7689 6135 6023 1681 9978 6755 7320 5469 7862 4137 9680 299 6818 3350 4188 7645 4471 4683 4501 378 1064 4507 8280 4565 308 9776 9961 2239 4638 1343 9581 2243 1337 7032 1343
1394 9135 6611 2138 9477 7724 7984 9079 9523 3636 7614 1257 735 1212 8557 6568 3558 2589 8229 6121 6477 367 1247 7320 9646 4118 6247 8109 3486 716 2253 4751 3377 2265 8448 919 213 5201 4379 7898 474 6613 2666 8926 2645 8221 7632 1962 9126 4822 1246 4904 7153 7272 4225 941 5129 3820 778 7796 2495 9587 7841 1905 6727 8167 4542 5933 4529 7405 4887 6761 1330 9918 1860 2386 9456 6903 3711 8862 9084 8356 4148 1733 9786 4880 1068 4076 8241 3701 6413 7848 7223 2365 7366 7513 1268 6196 263 8497 2459 9936 3720 856 1886 6903 7495 2134 7353 7863 1872 9001 9961 5408 5222 8950 7379 7661 4097 1071 3011 3042 2680 7322 9778 9524 8960 330
245 42 7233 4860 4076 3019 3890 902 4355 9161 7936 2569 1353 9808 2931 3990 1731 7594 2546 1331 9273 5572 9731 5388 6240 3326 5146 9383 6645 1343 480 8891 6722 8370 932 8725 5619 5318 4420 6062 3598 4201 7549 5035 3143 1065 9822 4210 1920 4794 1162 9343 9782 3043 6409 5022 414 6254 4323 1949 6126 3380 9624 4118 189 6050 7619 1169 2515 7180 1263 1825 1442 7259 2886 5825 1561 7410 8422 4799 6290 5558 4764 9570 9592 7266 859 9537 7193 9163 9259 6993 9570 7381 6007 2027 1855 938 6998 7238 325 5025 9017 6522 9526 783 8769 9918 1772 3500 1231 3342 9462 6456 7505 9435 8982 2709 5621 9746 5133 467 3492 8558 8999 6904 5878 2537
3971 1666 4663 4370 3787 1803 4016 8141 7269 8277 1481 931 7772 2404 886 2094 9140 9657 2751 9015 8940 1506 5779 300 1892 2130 767 7434 3006 7857 9726 6655 7519 3822 112 450 7206 1111 3550 8971 9016 1141 1444 7772 1867 780 3461 8187 6396 1548 8637 6344 1112 4887 8663 7741 3764 1810 6004 332 869 7352 4787 8714 7175 1675 1859 3391 162 3239 8525 7559 8431 640 7330 5447 9105 6996 7961 8876 8953 9861 5941 4392 2174 5778 9634 9261 8317 7816 5534 239 3365 4104 4904 9775 8997 5291 7175 9871 7747 1795 404 3593 2067 4392 7881 1775 2952 9706 851 3519 6493 2860 3927 2366 3602 742 6006 4306 3275 260 8505 5775 9448 9480 2813 4044
7754 170 2868 7039 7907 8363 2681 8175 8604 2701 336 4394 2662 9363 5529 3745 9327 6199 1216 6265 8818 3554 2245 7217 1731 3602 3200 6522 4027 2281 955 6997 2906 4459 3707 1058 3930 5751 6922 6111 7372 5861 9042 3157 6935 9211 9123 2680 8146 9144 6406 552 2014 6735 7489 7349 2851 9977 1874 2995 7136 2873 3345 4162 7883 8235 85 3340 7633 7767 2876 8139 3191 8500 7733 1474 9879 3851 8144 1444 933 5827 3585 3016 3177 8320 5967 7802 4666 2382 9106 5250 176 8201 742 9508 5398 4986 9405 6633 6416 8405 6021 2888 3571 6020 8845 8195 5894 7711 6774 8980 3776 914 2695 8311 2393 1323 9200 7792 4278 9530 9383 905 3832 3542 4513 219
4282 6381 4955 5770 750 4516 1695 6787 1975 1511 1165 9063 9501 3656 1740 4938 7927 6372 2289 525 8674 9321 9788 3939 6350 6736 7670 2661 7780 3656 2461 3271 8120 4216 4722 3957 5149 6120 1261 7103 5930 6669 3204 7273 7754 9948 8741 6796 5352 8818 4522 1010 3192 66 8958 962 5561 3900 377 9724 2910 9488 5570 1709 1749 2392 8635 5555 8440 1941 231 1764 70 8558 6728 2617 5466 8473 678 1094 9524 557 7369 3254 9373 2261 2916 9667 5913 3822 5355 3296 4071 5730 9744 484 6987 4739 5772 8394 6143 2956 5135 3643 4864 4817 6679 7194 4484 4146 759 4726 1849 2353 4449 8536 2447 3203 77 9201 3680 8280 877 6069 915 7260 1503 3818
411 3848 4057 3092 5031 2161 3598 2846 8385 8463 9505 8509 639 1580 7857 9675 1822 262 1727 3777 3018 7089 1768 5479 1346 5357 8410 9941 1502 9078 4468 5828 4834 2564 1538 5782 9792 1342 3522 4067 6849 3711 6479 6943 7066 9694 1772 6557 5404 2062 170 4711 1863 1389 2628 764 5730 2897 473 1287 4389 9590 5858 7434 1557 2495 7528 9990 776 7144 5853 6061 2395 3491 2553 7261 2536 5226 1074 4138 220 9427 8296 6231 9957 9599 3796 9563 9863 2352 6910 4408 853 7751 5321 4629 9828 4033 1035 5708 2507 9470 3036 5826 7611 3292 8300 6664 264 571 4942 7731 4308 2113 1896 6222 1404 5755 6944 3775 3787 2813 5548 4284 8153 6969 1428 995
