128 128
6358 9352 9672 4800 103 4675 78 3965 476 7702 1818 7891 631 870 1434 2221 2374 6503 1214 7824 5301 7740 4749 8278 1748 4821 8202 1476 2526 4889 9636 604 438 7119 6493 3497 1031 9296 152 937 3041 8283 7136 6064 1984 9365 5935 5402 1814 8732 3087 7286 4685 7640 7177 1731 1954 904 1933 9234 9369 1081 8465 1742 1958 1365 3767 8266 5547 8138 7589 9000 1243 2927 9739 5857 2423 8188 747 6331 5189 4757 4243 8241 851 747 7267 8981 3905 9139 4681 9119 8452 2532 3846 7375 9167 2356 6976 3609 9260 7331 404 3731 7822 914 3830 7859 4665 7836 1419 7567 1148 7840 8376 494 3904 1021 4049 7289 5219 984 2100 4759 1202 6948 7149 9337
4907 8828 2705 7911 236 1708 9706 7424 6240 4389 3702 4565 6136 684 407 7840 95 2634 7380 2882 4722 79 5976 4668 1136 1158 7953 4103 4186 9395 8288 3641 2294 8219 6206 6052 722 782 7304 924 6436 3486 9461 7587 468 7219 2987 8826 6884 5967 5871 3688 3302 7379 2100 3884 8618 1760 3744 6858 8306 8334 7775 3684 9219 2502 4231 3899 7148 5294 7440 9925 9435 2723 9869 7246 7994 931 5263 2517 2265 5616 5848 1163 6559 3149 7006 4674 8748 3306 2476 4411 6072 3423 1750 5937 5015 7346 985 6756 1905 5292 1737 4230 9857 2347 7043 4989 888 8661 4201 734 8230 4073 8335 4497 157 8014 1181 132 6094 4519 6228 2810 9849 721 2691 6863
5471 1955 6905 4018 8210 4585 1129 2049 5133 6841 2107 7447 8777 1863 6372 4091 1558 1776 5421 3184 8870 1958 3746 7516 1126 4649 3030 2649 9673 2434 6003 1361 2345 5695 3612 3835 2111 8962 2104 3785 1297 409 8592 9208 1100 4193 1852 5249 6638 3601 4546 7200 854 7073 4799 5729 3555 7056 6941 9969 3639 9089 6480 4653 1379 7185 5749 8498 5698 1141 6182 2465 1726 364 1679 2947 8558 7955 4927 6793 1363 1282 1603 299 7246 254 4446 4091 7956 6765 1084 2267 6534 5911 6240 1916 3425 510 9861 4732 6721 3611 1800 1670 6191 2180 1285 8735 9457 9747 8207 2396 1909 6849 1778 5941 8550 3789 2131 253 7864 148 8238 1984 3772 2616 3327 1517
1441 8164 1284 524 9682 6636 44 4999 210 4563 7171 3306 4239 327 3939 9346 2424 508 7112 6635 9483 8392 7135 3548 961 2231 5640 2674 6686 6870 4165 4543 4562 565 6919 4324 9112 9512 7121 2146 7211 743 5022 9574 7174 5782 9160 6093 4456 8208 1446 9479 8962 1735 2319 8298 9076 1176 4146 5997 3503 7101 8078 2958 6740 4307 139 4430 7934 5663 3457 8864 6236 8996 4544 27 7939 2419 8858 7779 1346 2426 9275 5284 1436 3597 1522 5946 1951 6043 8356 284 6802 2607 6146 1434 3535 1098 8612 8057 5 4609 466 8258 7399 7733 8900 8929 4271 515 4719 507 6222 2244 9928 8069 5197 9560 2622 4701 6365 5856 9828 6934 8353 7371 5022 1789
7016 9103 3699 6331 1602 8472 9112 7292 2917 3950 4397 4980 5649 4780 9358 7783 746 1909 9677 5644 9405 9919 5293 4267 2134 6288 2239 5531 4459 7118 6770 8160 1578 1502 7953 1123 9008 1387 4310 4825 1532 4758 8252 8235 6602 5319 4613 6928 946 4629 4563 7064 8569 7088 2054 4854 2082 7093 4351 3800 1009 5778 1789 4810 543 7861 100 8121 2669 157 7235 7082 3589 3665 1918 8734 9899 5569 4791 9147 4321 7572 252 8985 8227 7449 3153 859 5826 9966 9704 4101 8292 6498 6292 7692 7837 2864 6530 6459 9733 5292 7469 2352 2531 4468 7422 1699 3271 7611 7071 6809 5252 7162 9332 3765 2649 2014 9184 7043 580 4809 3610 784 7962 89 2873 5317
9491 7309 3889 8048 6540 651 1194 6441 90 2372 8170 5949 5808 1726 9735 9547 4438 2443 4528 1011 8779 9214 7624 675 6440 3810 63 1510 2589 8157 8450 9209 5764 6902 1541 7408 1688 6614 5728 7734 2986 5768 802 3115 6108 8743 3435 3254 414 9468 3066 723 447 7483 3930 2731 6870 1526 4513 1544 2235 5868 849 738 517 3263 9853 5383 7769 9075 1020 3944 4669 5356 8619 5234 4724 2334 2472 2908 376 1994 6445 4641 5382 789 1371 1918 562 3820 7265 9746 6380 2535 3599 7706 1497 2751 9663 4459 5227 6070 6832 3564 1942 1200 2317 9150 2317 6173 4066 9900 3812 1868 261 3631 1376 5382 7272 67 240 2758 9968 2679 9170 2815 5820 7967
9643 8718 4423 9692 6087 2943 4051 2339 2995 4003 1264 77 5629 3536 3893 7529 8085 4573 86 6935 2843 7075 1829 2205 5266 7520 5365 5207 4577 3545 5693 8211 7120 6745 8291 2263 556 6315 9363 6510 4704 236 7253 6739 6147 8095 6793 2496 3909 3528 4231 483 8523 6350 3753 1264 3717 8004 2091 6362 9521 5362 232 3163 7878 8174 3572 8017 3981 3971 4400 1765 6341 826 3067 629 2678 9798 9662 1084 1984 8493 7083 640 6171 1539 8486 8910 5946 2809 3205 8805 3584 9448 8477 7840 2072 7625 6893 4338 9851 5198 7522 7318 572 8661 6345 3146 6674 4903 885 5964 7169 6323 6500 5585 3192 2717 4019 408 1362 2623 5582 2369 4026 8274 7578 4466
3885 1217 3906 930 1451 4447 1619 8615 7589 8127 7393 1606 9572 6573 2488 8261 1907 8298 4500 4225 1986 6574 5845 1657 1783 6837 6075 3333 7584 1940 1956 6746 8196 2429 1002 7108 7162 9648 1880 3522 406 6874 8102 1304 5614 4025 4318 9421 7128 1424 400 7327 5308 9242 1050 826 2182 9190 9215 3581 40 6746 5048 5422 224 7333 2464 9902 6023 4980 3016 8542 4368 7553 3739 1635 7367 5906 4542 9143 7015 1570 2265 8998 4520 468 7690 3523 9563 1951 9810 1273 8645 7157 9650 7282 6177 3008 1404 9828 6250 9700 8108 6867 6066 8312 2759 8787 9393 521 9694 2022 5779 2688 7698 8293 991 9258 8562 4697 6197 6314 1532 9974 6515 9764 4968 6611
5013 282 9976 7823 9554 7601 2288 6283 3244 7397 2665 4047 9402 7325 102 7894 6063 3149 5971 9404 9233 388 1690 8479 1560 4741 3344 1959 9681 8695 4119 7507 7592 5856 6922 109 1220 3289 5334 6717 8986 8475 3642 7989 7393 8368 9909 5818 6203 1795 8449 9344 3024 2827 1036 3354 1167 911 3167 7346 4775 3004 1658 3976 1262 7688 6245 7637 9094 7914 8556 3268 8020 9143 5125 683 9588 9206 9913 8491 2325 914 6074 3001 8653 8119 7253 4435 8352 79 8412 7186 8042 5022 2387 4120 1057 9821 5966 4622 8871 4866 3447 9577 9210 4419 1638 698 169 3975 5685 3316 7468 3795 7582 1562 3052 6014 4714 115 640 9284 8072 8353 1662 1409 7533 6223
5706 9071 9246 5451 4830 5935 1267 5273 2735 6987 2412 3042 2289 4177 7809 4854 9947 2654 5751 8608 8109 253 4873 128 7897 1516 8109 717 962 5418 5398 8585 5275 7955 4028 4109 2021 912 9088 411 5535 8755 6959 2855 8459 1233 2307 5910 4355 9984 2669 9162 1851 4029 9154 1136 4511 8575 3367 9801 1041 5282 6684 6809 9879 7190 7903 5008 4787 230 4701 2322 4705 8868 2442 9551 6796 2981 140 5690 9000 1820 9082 5063 5719 4979 9317 1448 8747 4334 8483 2963 9729 5042 4530 4982 4379 7983 6493 6849 3896 8804 8516 2828 2882 9903 255 1408 3041 2436 8316 3772 155 3629 3910 2443 2074 2533 5663 5441 7716 4664 7951 5119 5306 8032 5896 1464
8864 7290 4660 8510 5819 1090 2472 7721 7004 3504 330 1678 3832 3816 6479 2935 6866 7838 5131 687 6878 4879 3780 1355 2359 3252 1774 6467 8510 6155 2 4499 2621 9883 417 709 8326 82 318 7415 6514 3395 4980 7903 9313 1141 7413 2665 9069 1166 6467 5193 9396 5360 8621 6426 9781 9293 118 1396 3268 4177 9365 9413 7320 1054 3390 3605 3706 3661 1807 2199 3050 8944 7635 9670 2613 3750 3171 8183 8172 2564 678 7527 9326 4433 8486 2717 282 2018 7779 1099 4359 5285 9900 4509 1010 7613 9690 5730 6676 7567 5749 7490 188 7980 3946 9586 9100 1878 1598 4101 4827 5716 6703 2518 6347 1329 2843 7012 6523 7651 1156 2021 6254 9012 7426 5107
1259 5763 2168 8115 7826 5668 8173 4009 4360 9402 6055 4779 8694 4200 4757 1003 547 1818 4794 8956 7047 9436 1312 3713 1870 945 7074 5640 7394 4882 5874 4237 6123 888 3408 8958 9773 976 4529 3579 9207 2600 889 1440 7994 3201 2786 252 4501 9405 6697 9275 3832 5604 1092 686 7226 1304 4917 6890 2385 3160 815 5454 2568 9852 9729 9773 2768 2018 2617 4834 5307 3242 7929 8108 5389 8293 3741 6980 8052 3839 8544 7100 6738 8805 2709 8742 7873 2729 4714 718 7599 9050 8079 149 2474 1349 9981 6331 577 9943 9416 8536 7069 3253 8693 7774 8024 5835 2022 6598 3952 8419 4309 4905 1792 9915 3053 7696 6113 4958 824 9984 4662 7175 6784 4184
8769 3434 4598 9832 470 1213 7562 7600 7323 530 7250 9849 8601 9390 5926 1997 4262 2977 3201 6635 1543 4806 1843 9465 6883 6557 8166 7495 5600 9846 2891 8758 9498 3348 1865 5511 1653 6438 2764 6914 5305 4021 5401 2183 9224 2647 1096 3637 9741 3947 611 7608 7006 4111 8326 6881 3471 7339 34 7149 2156 9625 7909 2066 3593 1919 6149 8217 8026 5312 631 216 5060 982 6867 254 4386 4730 411 8554 359 1694 1095 7650 27 7339 5812 7514 7032 595 4862 8405 83 2448 5487 127 8194 2012 3271 315 6173 3852 1770 7346 4052 7058 2885 8334 4567 4854 1260 192 684 7334 7411 9311 2278 5697 7763 9450 5169 2754 4131 6248 6424 3761 4222 4136
9620 1076 9318 2472 2920 8718 8630 7486 7685 2994 563 1351 2417 2743 3038 1560 9257 2523 5258 2338 2747 8587 3802 4055 3205 1320 5928 1279 9390 4068 7295 3190 2679 9327 3230 3680 131 2139 512 2646 7260 2813 2868 2361 3426 6634 665 6868 6679 5335 3615 2741 2322 9484 8782 2067 5439 9921 6126 1647 6004 3260 9924 7081 5658 5705 2067 8814 2556 3029 8810 1315 5884 8452 3033 3435 3610 7612 1779 1966 4622 9698 9445 1690 9784 6031 3588 2751 3507 9654 2839 1013 6515 491 5003 9964 5186 1770 7382 2873 7083 2682 7806 4768 2364 4217 2284 4403 576 1197 2731 9467 7109 4113 8438 7009 751 2716 8540 6289 529 7092 9649 3950 3278 6241 6663 5228
5232 6460 4243 8306 6660 2762 2011 174 2326 1399 8172 9728 2507 961 8995 6257 7154 998 3182 7743 5200 7755 1504 17 7674 8297 9520 7899 7059 3954 8730 9315 5131 5127 7632 3781 9841 7038 6691 1426 3444 1586 7760 6941 3817 7036 8139 9492 8201 3066 8632 4152 4239 3202 1025 7974 8292 904 2296 6936 5006 1883 9651 5326 2794 3031 1526 8303 6349 3782 9529 1080 7631 9013 1104 5375 2913 9061 7708 1532 4221 2110 6578 7556 2144 9848 1680 795 3012 6539 1763 1613 9264 2005 6894 6786 9765 8375 4319 1291 7926 8078 1357 4102 9303 7648 6653 4071 244 4909 2084 1698 5467 1498 5701 7216 6444 2394 6235 3645 4497 9656 8906 4200 3281 3105 2296 6048
2744 4596 3203 1361 624 238 7963 2210 987 209 1328 6567 6016 2571 1936 911 9279 1421 9102 1247 3747 7956 9737 282 1052 8296 6134 4516 1148 5570 714 4333 17 8417 2295 4337 4777 5395 8192 4230 8738 9244 4667 3590 9024 1913 8825 1476 9727 1887 9022 3521 8481 6743 5578 6754 2663 2089 8720 909 7442 4873 3636 3271 8327 6869 8831 9661 9866 6391 5688 4037 4544 3647 7389 6683 612 3282 6201 5321 4753 4618 1631 9779 2845 7490 5841 2080 9088 886 1210 123 427 5530 4043 3511 2477 5154 2242 9577 1999 5231 2193 9184 6757 6071 1623 3953 6960 8419 4567 3702 1451 2072 5508 5534 3396 4213 7628 5016 9618 7267 5628 7875 277 2383 5359 535
7111 2674 1898 8433 8627 9442 1360 8724 9698 9530 3963 874 311 2339 8519 4754 3573 2086 3411 8638 15 5507 2203 8708 7323 4715 9753 6514 3733 7238 2263 8638 5402 6514 3687 6293 7888 298 1620 9993 9629 918 455 3555 5106 3360 9437 6772 1393 6733 1847 7089 2699 6963 2412 8166 2769 6609 8104 6490 884 4552 8617 2673 9222 8800 232 1222 9513 5035 3760 8652 9782 6963 1445 4107 5830 679 6579 4094 4524 987 6740 7628 9008 1533 4920 5308 5686 7180 4042 5662 5162 4466 8160 4292 300 4587 60 9813 5290 8966 4857 5226 9460 4844 9086 5771 3776 9362 7430 9128 265 9164 4608 5814 7806 3085 204 1580 7791 9245 774 4926 960 6298 7036 9368
1002 6117 2181 8545 7587 1399 8091 6909 2339 7515 1809 5729 2238 4393 7919 880 3205 9510 6614 3788 1021 9009 2453 4160 3571 9191 2564 7735 2501 256 2111 5759 5318 64 510 948 2708 3877 8236 3237 4144 3343 6941 6146 6255 552 498 687 2555 559 3768 2992 6943 6789 4753 193 7805 9979 1611 4525 6865 4608 1297 1155 4550 6176 4064 2718 2625 9798 751 1363 8420 6409 3447 9366 5837 4329 2842 8825 4531 8683 8760 5574 2707 3634 7265 5430 571 4407 3829 1161 8195 4076 9645 7219 1111 2233 6730 3427 3434 8651 7866 4742 7178 3693 4348 5565 5697 9980 8687 1030 9145 9799 2145 8597 3813 4700 1044 937 3897 5415 4735 7706 7997 8707 2765 5908
2495 8408 1615 6742 6713 4984 3608 9373 4284 1681 7846 7174 4085 7699 6022 3791 4350 3721 2968 9056 5253 7582 9776 3818 4947 8961 1501 9580 4208 754 198 4344 6307 7892 9026 8297 6694 6009 6832 646 6758 81 6159 5600 863 8753 3794 4865 8155 2366 2419 4317 7534 1891 9467 1147 9447 9829 3845 5672 4911 3738 898 4934 7187 8774 2313 6005 8643 5516 7385 6684 7337 5513 3867 346 1207 1784 2265 9547 2945 8012 1030 5302 2701 534 7532 1148 8053 3796 16 3499 1151 5790 9206 2946 5724 347 5667 3602 7808 5595 5610 7576 9633 7172 9712 4513 793 3722 1453 2182 4883 5152 3669 9034 351 9620 5806 7802 1528 4386 5752 3338 1026 2512 6065 5539
4945 7652 4370 6573 4673 7977 9344 8213 9983 820 220 6179 8282 3469 6574 6906 2215 9988 2663 118 6233 7838 1891 2061 4149 3257 805 8911 5567 4190 5676 8474 5221 3660 9998 3314 4596 4221 9463 7016 5699 9631 806 7424 2353 1125 5528 5359 6811 4580 8291 9936 3732 3824 5516 6471 5916 6687 9931 5343 6742 9375 3089 8369 5862 8780 6655 1998 4787 3053 3770 3749 1884 8799 5813 9648 7178 5259 8336 2668 9124 1225 202 8924 2522 9848 1133 641 4105 8640 8126 8668 2844 337 7032 6526 9876 4094 5137 3729 7368 7946 1112 8278 4484 6034 7567 1080 6005 5924 5184 9371 1896 3201 8624 2205 6404 6548 2973 1176 368 7601 7519 3136 5284 8662 7975 2361
3198 9008 8354 7496 4486 5543 9021 7485 3691 2124 5823 4404 3861 1380 8238 1754 3175 8926 1987 3664 2234 6661 8661 3706 7482 5587 7617 428 4316 7884 8913 9001 2695 5738 3178 8410 4355 440 2709 4805 8534 8536 9415 998 7937 9368 3885 935 3498 4793 9137 8146 7512 9257 8683 1173 6934 3477 9082 5980 4524 6950 231 620 7720 6719 5653 1028 9576 2783 8974 3978 9560 2595 3296 9582 4650 4528 4787 3431 8578 4744 4897 4695 278 9185 9272 551 4826 15 5228 2302 4566 1921 5270 265 4766 5002 2499 9806 8099 73 2227 3496 6897 8351 8012 9178 1604 8994 6962 1814 682 694 6187 2031 7392 4110 3723 4111 3103 9868 255 3454 5250 8200 3348 7193
9654 666 5680 4471 9988 2607 973 2127 7797 5513 9029 3721 3252 7330 5704 1606 2465 904 7880 5450 8256 2344 8369 3536 3346 9547 5605 122 245 7753 8169 6706 3770 4292 7002 2024 1707 2844 2424 9545 1046 3898 3962 9868 7211 6167 9646 3682 4979 5357 8185 7634 1268 7945 5911 9821 860 4800 4127 3778 2972 2745 882 263 8238 4040 8666 3635 6747 3991 1659 3991 3649 3520 2025 9560 7978 1321 3198 3765 45 9240 4824 9580 2873 5583 8086 8860 49 1435 605 9125 9271 9174 2845 589 2029 8228 7902 7592 3514 9818 6035 9513 6780 2183 941 9123 3558 3442 1976 5601 909 7136 2760 8224 8269 8382 3307 8930 1196 2122 5775 8836 7710 8199 9165 390
8296 2422 7057 8438 2988 64 4243 3752 9079 3445 8897 1242 5266 874 6785 8709 9940 2614 8838 1235 2079 7872 9598 7752 776 2695 2173 4029 1289 5717 4453 3535 3528 2073 502 9046 1920 722 5638 4290 3842 4010 606 2458 2471 8587 1854 288 3231 8212 9558 9581 5628 4007 8627 6501 9148 6868 1466 9600 4664 4421 8580 45 286 7644 3719 1371 2206 4332 3102 5251 141 593 1730 1438 2449 1033 4018 2724 7132 1445 6675 8996 5161 3240 2131 2870 523 7761 1020 5506 1770 3471 1159 68 6453 445 8048 2915 1240 9933 7213 5196 3460 8587 4084 7995 271 5552 8038 4580 1192 8520 9936 2267 1417 1850 4181 4165 5293 2112 4616 7150 8591 1114 8497 637
2736 2747 5957 3460 1767 6310 5098 642 3981 7393 3831 3013 3035 5976 4161 4376 959 3577 7958 2048 8463 3609 9120 3002 1842 1073 2600 5713 6619 2922 3435 8864 6302 7775 8044 2855 4516 158 4522 5403 1225 4776 4245 8349 2264 3934 4671 6730 5415 3383 514 9771 3379 4483 5327 3998 2864 2061 4351 6739 3032 6475 2029 1071 475 3758 1990 4514 8708 7416 6893 4248 3722 1972 7203 4512 9911 5707 3124 327 7046 9463 6471 7834 6184 4645 1848 3408 4506 4474 2335 2085 9483 7943 5271 1631 1096 8118 9596 1320 6715 1364 1224 6433 5897 4858 9356 361 7899 4069 8797 2389 1106 6286 9112 6 4085 7494 607 9535 4197 8255 9363 6863 6976 5241 5709 1176
2667 1507 9346 9254 9240 9949 1197 6034 8477 9173 7137 173 7473 5488 1029 5861 5135 6224 8824 2542 7133 3418 2 5693 3126 2265 3210 403 5814 6636 6453 3176 9285 2002 80 8337 2029 5776 4286 6371 4070 2318 8910 101 8253 7253 3286 837 4705 8507 4478 9814 293 4880 3652 8442 4729 4320 4200 5865 4097 7295 4236 2246 1456 1490 1273 6665 1982 9089 3006 6628 3380 6708 7667 274 9507 4071 4082 4246 3651 1912 4768 5383 8420 7469 8856 2118 6234 468 7642 4667 7698 388 3394 911 8886 3489 9723 591 1999 1764 7912 4825 2168 3540 4318 1140 277 1108 2465 7813 6797 2226 7495 2994 5809 3708 7835 8983 9604 929 7849 4907 9485 9158 133 6784
2507 3555 4531 9502 9806 3031 1457 7461 1606 8754 770 4919 6458 271 4935 1948 8994 2158 3391 5655 5542 8449 2864 506 6321 299 717 399 7148 7988 4318 4564 4683 3451 2145 2033 191 3883 2714 7131 7022 9456 9341 6584 5685 1904 5608 9510 7334 4424 6739 1310 2610 5466 8565 2729 7669 6550 5217 1436 1110 2241 6186 2962 8071 3025 4886 1624 2358 3639 7217 6566 7755 4393 4957 6488 9417 7548 2665 307 141 401 2286 8177 1044 4974 2773 5810 7992 7819 6677 6678 9738 284 2445 9016 3225 6666 9945 4773 9436 8677 8659 1526 3638 5935 9063 7746 7903 5440 5811 1359 1425 9539 8220 6291 7501 3362 9518 3403 9848 702 2051 2504 7866 1740 4495 6320
6537 2938 568 6282 9064 3069 337 2289 1832 9600 1099 1687 2622 3582 4040 1046 7357 9038 1965 9908 5023 9060 6465 8494 4593 7315 1136 8811 2875 660 9032 8883 532 9139 5779 8974 1880 5495 9090 3706 5909 1655 9734 9246 4255 1698 6051 7953 4225 3895 566 6059 343 9576 5723 3033 5920 3812 6656 5948 1716 1526 6156 7030 6579 6275 137 7509 173 9559 6543 8609 5454 6894 6967 8035 1998 8024 3820 3172 3392 3553 4411 6352 5467 1053 1076 363 3846 6996 7361 7484 5131 4996 7424 7258 9564 7935 925 612 4065 8006 4995 8727 596 5323 2844 9495 3312 9761 3671 4348 5940 3638 9686 6820 3553 1162 6352 2179 3179 981 3647 8910 4199 2173 1387 1513
2359 4759 9079 2088 5042 5397 9999 4658 2193 3486 9674 1480 8999 8944 4421 1987 1162 7462 7052 3727 9189 2835 1098 4736 9924 47 8338 3482 8291 4099 4440 5372 527 6074 2467 6063 6968 4043 1062 3481 2319 3587 144 4557 1690 5366 9399 8370 3152 7812 1780 1894 6361 9019 1431 8946 7488 402 6661 7975 72 8554 9132 8591 8428 6718 6135 8200 4855 95 5870 4313 2177 1676 7740 4116 5712 2174 2075 6667 5035 5637 1052 8145 3757 9882 3757 588 3602 8301 6467 1364 1333 5796 3537 649 5900 5552 15 3907 6306 7826 5592 9739 4000 8753 9809 3246 3516 2443 2057 8927 2506 7386 3712 5193 3813 8775 998 137 5641 6078 6277 7227 7519 7052 6251 7506
5959 3992 8852 4449 7630 2726 7492 627 1886 3183 5848 5426 5150 6320 1046 5155 3906 5593 3517 4973 2629 1289 9494 8836 5415 4593 2459 2358 9308 3864 7714 2293 3583 3367 4903 8238 9088 5869 5795 8111 876 4733 9075 7550 8864 2179 4553 1362 8258 577 5251 8202 453 9230 4686 7441 543 1238 1875 6664 2233 5874 9101 2243 1624 8477 7658 4679 977 2968 4980 2617 5151 2409 7671 4592 4800 4462 6682 14 9729 288 6877 7822 7700 6252 8233 4574 6351 5117 9947 8394 2282 3884 3774 8477 4335 5593 8215 4444 8706 1509 5703 4845 4065 9233 1724 4172 2466 5308 9899 8124 3680 2665 2641 2164 6035 6972 2750 6278 9332 3699 8091 9036 7058 9485 3085 5423
9032 3463 9072 7040 5335 844 8637 3873 7997 2144 4804 8244 8114 6808 3835 1850 5778 6084 2970 1587 6143 6239 5278 5268 2128 6741 9780 8754 3455 551 1621 696 7802 9352 5043 1074 8028 7661 7711 2797 1578 3486 8248 4217 3865 116 9585 3480 153 8464 9530 6209 8953 250 3183 5842 3776 7831 8531 1402 7350 19 5665 8921 8367 6035 4768 2010 5914 8720 8398 4867 5938 9352 7284 7709 8990 4147 7344 1584 6372 1693 7216 6633 3086 1117 2740 5984 6971 6167 5976 3005 6052 6276 5508 9916 2107 6065 474 303 25 1158 8391 9411 813 2554 5007 6941 4605 8614 4595 6692 5178 6093 5749 2866 8998 508 1101 5491 7989 1846 4631 1647 7493 1173 8437 338
8725 6802 122 8174 2819 8840 5179 3266 5633 5363 7183 599 2756 6916 1619 8439 454 2853 8067 3770 2429 7959 4750 1534 7833 1405 2169 8820 8872 9275 5613 8900 8815 6934 2799 4656 8007 6532 1849 4081 3580 7887 3773 7787 5444 4728 2376 2512 912 3221 6097 7683 7238 9315 3731 5874 1400 6154 4668 2389 5121 566 2817 2777 8333 8200 6612 3061 5813 373 3493 6196 5438 6255 5524 4751 2709 5862 6514 5968 1478 5747 2492 8446 4114 923 268 2987 4917 5940 1121 6312 8452 7681 6827 2906 2235 7602 5553 4367 5727 820 2185 6267 8222 366 2675 5619 8122 6750 9101 8831 476 6345 3223 4430 9254 1778 4156 6487 8697 8727 4342 1061 6233 6973 8356 4808
3210 627 6282 3807 4728 3661 1932 1516 4864 4442 989 281 9670 718 8896 7070 1194 9709 4048 5553 3003 6080 6976 831 6709 7512 74 2689 7072 3199 8461 971 1570 2753 6851 4688 1923 7199 4042 5056 6826 1209 546 6870 6312 8123 2593 2011 391 5012 938 8670 1513 8950 9160 9260 8292 2278 689 7148 7730 4413 9602 6617 4459 7107 8936 1700 5667 6817 4738 3183 4532 1597 9261 9871 6302 2960 233 3480 4007 5163 2708 2622 2467 5651 2027 7223 2122 1799 1753 17 6936 5729 7651 6785 6242 6299 8301 610 9105 7308 3760 6380 1734 8192 9262 8656 1859 8532 8655 7720 8013 404 1544 904 4638 6658 163 7987 7489 9575 174 9484 4469 8481 376 6179
9194 6559 4743 1635 30 4148 5177 2688 2278 5098 1482 5222 55 4196 3005 3265 4827 5406 4788 7529 9229 9777 4526 1986 6707 2960 1462 9499 9064 6073 9285 7756 776 3994 1472 5200 7091 334 3731 8962 283 9208 4171 413 2749 4367 2802 5092 8399 7241 7716 2693 9173 4504 1696 8139 6782 5688 4495 675 6572 4823 8409 1337 3942 2172 9801 6469 3114 6831 7492 2366 5802 4746 964 162 2511 2251 2513 8057 9608 6462 2491 3959 4115 5034 5577 1827 4814 5573 2804 294 3382 2032 4727 3018 174 6195 1932 5651 5356 287 5052 2556 7993 2464 9512 8884 9845 4403 2296 9206 8489 1085 1625 6475 1970 3697 809 7454 3004 1575 5974 1775 2173 8006 3216 8181
5773 3874 7765 9248 1254 7427 8505 825 1690 2046 3149 7335 3659 6527 8379 289 1705 9318 8051 135 7133 1205 3010 4861 3599 2764 7290 2018 9879 8762 8416 8125 9824 13 3505 69 2659 5416 4719 1911 2486 4722 2037 8159 1515 4289 5095 1718 6903 4315 3558 5180 8783 4554 146 8976 4157 6517 6651 4644 724 6711 9337 7908 4709 722 7515 6408 6556 6085 2551 4080 4284 7404 5764 3507 6404 1668 4708 718 7258 7594 8210 4000 3749 1121 1643 2621 1420 8450 9642 9923 1520 3713 6695 9330 1076 8158 9956 4045 6583 3969 3892 2442 4246 2757 451 2935 8187 2987 6916 5108 7679 3579 8585 4213 9309 495 6430 2489 6288 9974 906 3943 9152 9813 1434 631
1038 5966 8620 9225 918 7594 5941 6477 3650 6663 2512 1916 1496 3267 6744 330 8258 566 150 8984 1294 3865 8943 7981 7584 4069 9143 7206 3717 1457 321 4161 7257 9074 7635 2486 7818 1921 5624 1372 971 8833 2701 482 9724 5695 7507 5193 1519 254 2257 5880 8973 7787 5484 3186 3425 9223 3059 1795 4756 7380 4039 7860 2725 7511 7994 1517 9895 1181 6048 2208 5977 9666 249 5251 8674 9438 3776 7886 5709 3098 5446 3874 8113 6024 9721 8965 3175 4500 5519 2931 7911 6939 9330 8508 1994 1023 9918 2349 2719 9589 3623 4710 2966 4133 6170 7107 5013 6690 1763 3486 6697 1184 2808 9804 2222 8800 8078 9054 8580 3370 5392 7849 1760 2500 9956 7469
6310 6892 8015 1446 2203 835 2909 3509 6856 5404 5897 8497 5422 9490 4498 5123 7920 2781 6455 8010 3536 7640 6572 1469 9924 9670 4568 9274 7159 2258 3199 1643 7584 4863 6012 203 1407 4877 867 7041 560 2194 80 3831 8418 9403 3723 9261 5724 2327 7650 4590 5155 199 6271 669 4264 4218 1949 8095 2423 8407 286 7140 698 7184 1636 8840 2722 2904 3876 3635 4299 6814 4717 8359 3043 4405 723 4035 5259 1179 4650 9249 7823 7652 7607 3282 8455 9518 4474 9497 5091 6864 8040 5220 4262 1574 90 1112 401 9123 3856 8194 4002 9389 9249 7526 5154 2960 6713 4544 7575 4027 3304 6677 6672 7620 54 6923 3139 5547 6872 3841 5859 5487 3070 1046
7270 1719 7220 1396 3164 7231 9466 7614 4404 9705 8938 7863 8453 5062 2916 9096 2989 5724 8870 2720 3575 5664 1389 6938 3259 5881 2491 2342 5821 9043 9292 2094 9708 802 6548 1202 4033 7716 3885 4005 5020 651 1461 1121 9153 8735 3293 8871 9048 3361 5939 2732 9648 2297 1186 3239 3206 7752 7702 9320 4600 4917 1261 8099 3494 2304 1876 2706 6500 1883 5412 556 7478 2612 6179 3723 8651 9157 9673 2146 7492 9535 9712 9411 297 9840 7764 1548 2182 1445 5049 6697 4716 2310 2399 2305 5399 2335 6245 1072 5776 889 3752 9799 425 2781 4535 3600 5633 5907 8042 92 4738 4477 5086 1298 3840 468 5722 9372 8362 5194 4155 8276 214 7152 8731 2736
4806 8471 5109 1398 5996 5951 9204 5405 9430 8224 5592 6631 8879 8705 7979 8814 1440 6615 8499 3521 7596 3857 8895 5923 3569 6343 9331 9195 2646 1728 1829 6484 4700 3549 473 3995 527 8246 5156 2892 7443 9535 4250 6834 9544 202 9481 4430 1018 4761 8925 6083 1092 9925 7218 2242 2666 6219 7494 3145 1335 7356 1813 3340 3186 1505 4649 5450 7425 3501 565 3161 6806 5245 6042 5376 6170 3691 6525 7991 2494 2760 5232 2089 7141 7610 8621 3605 2731 4701 1971 3240 4329 8109 8845 8669 680 2033 7426 5762 6183 7138 1100 3764 9694 6418 4375 2760 861 5033 9220 9984 6414 9606 4498 5144 9964 3896 5813 3627 5742 4021 4282 3625 1434 5297 7870 8187
5508 5043 2042 910 7251 4957 4602 6167 782 8482 7473 9899 6631 7939 7720 3179 7327 307 6495 8256 6281 78 3046 1418 8557 548 1083 4779 4111 5480 8974 3821 4790 67 8432 3114 9978 2111 7952 127 7385 5394 4954 7019 2526 4701 7319 7758 7403 6011 842 9836 7852 5225 1529 990 9086 7680 1056 6153 3500 7036 8911 3187 931 4772 7268 1474 2118 1573 2584 6950 2250 8755 9461 1081 7746 8433 5478 212 8809 3020 1900 7060 2954 334 9800 6216 2395 6578 332 582 9567 8538 1550 281 6239 3703 7991 2970 5320 7884 7048 1050 4117 2577 9829 9913 3871 7884 6891 1548 7525 9741 5119 1582 6977 2374 3795 9779 5030 3911 9801 1429 6260 6033 4675 7598
2097 1678 551 6164 3750 8690 5708 6110 183 3188 2117 7060 4763 4314 1292 6648 4309 9212 3495 1327 4308 5834 7157 534 7797 5418 9281 1892 4596 9292 3863 8868 9794 1013 2007 7892 3278 374 9779 3803 8476 9132 8795 1681 9359 4312 8675 1512 5626 8242 3430 9255 3375 7055 7856 7438 222 4197 1036 848 9281 4075 8951 7221 4552 8751 980 2177 3648 793 4926 6476 7519 7996 6196 4180 3822 337 1170 9432 9394 8104 9524 3025 8087 3068 7237 6545 277 9776 9562 3798 6135 5079 8613 7777 6418 3686 7118 8463 3799 5605 4192 2499 65 7545 3017 1623 3334 6878 5118 4048 3500 6248 8640 2204 308 3790 2756 2476 1257 253 6156 2831 4905 3480 9746 6756
9817 3850 5099 5232 1827 314 143 5375 1074 5161 5917 4444 7000 1107 3303 3566 2109 8149 2689 8879 1027 4882 2509 6535 614 6235 4849 9343 8693 6404 5742 8151 5078 2027 1421 3482 3577 2046 1432 2188 8423 6191 6808 4090 7931 5829 7948 8508 2772 8080 6780 5788 9318 125 4461 7473 8934 7963 4379 5744 7800 7791 9949 4424 6136 5344 9145 5305 3922 4044 6301 4493 1745 8645 1557 192 4314 3937 4184 5349 7435 411 1035 6010 9582 9946 6879 1750 9419 1290 581 402 4525 4588 8689 8233 3846 5136 9688 5454 9561 228 4498 7725 7334 7555 2597 2577 9440 41 2204 9073 7566 4510 1978 5622 3746 1188 5737 9791 4611 8376 2432 3077 7390 8035 563 8982
6626 5780 6704 9772 1755 8469 4391 1964 7440 1369 2901 8859 4651 3992 1637 7142 567 3403 5460 9019 7704 8374 469 9518 7651 2686 9218 4894 8375 665 6501 4925 4165 6410 9928 2529 9427 2386 690 121 3856 8516 9102 7355 2496 1455 6767 9634 4142 5516 2173 1273 7972 7521 1263 8844 6890 727 5456 1378 7394 9860 9229 4593 1375 9109 7947 227 9623 5773 3697 3335 1440 9723 9051 4219 763 4879 9687 5157 1035 2902 1396 3546 9983 9002 3596 7486 9989 1992 2515 9326 6284 7446 1889 2413 6582 2652 6993 1670 612 2407 9562 9720 7754 5447 5465 1893 7211 7284 6952 9740 2320 2274 1942 9889 6170 2388 2743 5829 3070 3416 3377 9079 5329 3325 1919 863
2373 512 7320 9009 6907 9443 1607 6219 3359 612 6153 343 9711 408 3777 5884 3997 6361 3376 441 3457 230 9467 9039 7108 3915 3032 8091 5262 5808 8150 3684 9643 1692 5773 8080 5142 1057 7847 5015 1050 3602 2224 2422 770 1510 7213 197 3232 8399 8687 70 5614 1670 430 4446 1197 4841 5112 6861 8663 5156 3668 8272 3421 8107 6857 6264 1737 312 7045 8404 1749 5427 9276 6565 7939 4693 517 5404 8272 5225 6206 9296 2203 1196 4376 5097 2192 695 5690 2574 1429 38 8497 9568 3271 737 8258 7869 6929 5759 4808 4678 1698 7813 7395 7811 7692 2890 2438 4795 478 5867 517 8811 5828 5835 2745 4851 7718 8378 9559 2806 5401 4898 5486 2649
3587 2693 2731 5621 3273 873 184 912 7023 7319 2177 3495 697 8723 1305 3098 2200 9436 1268 1634 5008 9995 7206 937 8784 9392 8842 8605 2211 8537 7532 9267 791 7582 2779 5091 8440 4131 3444 4718 287 8171 534 7441 7180 6856 6986 5436 4110 7439 3768 4237 2483 1353 3488 5759 8362 6780 4777 9556 1527 2908 2316 7536 1265 9708 3425 5799 490 456 3646 4918 4753 1550 9010 2668 5578 7230 8388 2952 9660 8152 9048 3678 7291 2385 3250 1027 6101 4231 7935 8625 7576 1380 4003 8192 6055 5215 5596 2074 989 2996 5239 8232 4957 2926 2407 1070 2076 7303 7904 2135 8023 461 468 8883 3558 6879 5353 8554 4690 9080 7296 3852 9891 9968 7948 2343
7515 2531 2302 3390 1925 2568 7798 6699 2064 3688 3838 757 7515 33 1525 1999 8711 2644 8797 3837 7139 255 9997 8630 4787 5242 9802 3732 8741 1867 937 4254 9157 3999 1909 1649 7039 2164 3317 8601 1325 6298 9072 9009 8104 3441 3916 3805 9091 3031 4119 3851 354 3719 7530 7436 5627 9239 8665 3410 8923 1832 8991 2897 3112 4784 7370 7748 1624 7692 2266 5924 2608 1976 377 5178 1515 5024 2457 2781 4953 4889 2184 4300 5312 7126 4862 777 989 8863 3267 5949 7268 1470 6720 154 713 804 9430 1204 2848 1352 7761 448 7080 4225 724 5006 8629 3370 9657 344 2095 4877 8206 1695 9292 4409 7065 5357 1601 5868 4246 9326 2533 2735 7051 2965
5736 8770 3459 3627 1348 632 2758 110 4043 5468 6020 8451 1972 5186 9180 9288 2195 4304 3074 5880 2707 2226 6735 6277 8368 5959 5913 3087 5973 8592 8395 6695 4846 4141 9924 6514 2022 9561 6363 2147 365 2379 5362 9795 8684 1844 9841 8762 7085 2025 9196 6014 1826 2679 5506 6306 7812 286 1537 7832 2196 9956 1024 2490 9446 4034 9939 7622 3768 9584 6352 2424 2408 1367 1278 3301 3762 9089 8233 4855 739 3965 3881 4730 1653 5089 6707 9762 4179 5612 2409 7721 6954 7644 2837 9967 5151 6266 902 2838 5275 1676 78 9971 3675 5433 1224 3969 6068 345 2740 6505 7110 7241 4772 9946 5684 1434 4646 4603 4903 2135 8238 6613 1557 6999 1011 7566
5578 5863 6310 6794 984 2887 3232 5478 323 4186 8339 7083 1143 718 7924 4752 7411 5621 6318 8858 2899 2485 4786 8424 2874 3775 9589 7414 1279 1114 4520 9596 4571 2479 4248 8060 5890 8382 7067 156 7855 2258 7051 5576 5392 6515 2355 8386 9127 2637 7336 9612 5514 582 1974 9929 9890 7419 8212 4918 1765 8125 2234 3365 5984 5316 1728 9657 170 80 8716 5829 7265 1837 8016 1257 8575 8108 927 9211 5929 5048 2868 8751 5916 7179 7196 4809 2552 9375 5236 9559 1185 2574 773 9181 8590 3903 2104 723 826 4441 3472 844 7781 6225 4972 3922 6909 5048 5140 691 4564 3976 1240 7773 5772 8628 7501 4799 1915 6900 5813 5840 3823 571 9136 7314
3119 9133 3836 3711 3416 7199 8758 3144 2774 2256 6578 2157 6201 5496 9195 2630 2955 4021 4319 7473 840 4414 8437 8693 2517 3952 3798 5756 4700 6491 6731 1702 3480 3842 3112 4895 4656 6633 4617 9681 8765 6669 5310 1326 5015 2307 283 4308 9734 3161 9453 7577 8963 9144 6211 6117 5877 6508 2164 2884 6495 3789 8141 7400 8279 5324 7681 296 4570 7802 8034 1255 5694 3912 1939 5540 2665 7886 8136 4434 8041 3118 8750 2432 1330 3028 6367 3180 1942 7192 418 7189 3909 8459 4237 315 6877 1883 637 727 5285 6036 1183 139 6988 700 1613 3141 1950 9308 4290 7012 368 9689 5620 4045 6686 9720 3336 9491 3640 3877 123 9824 7064 1376 2579 1104
3775 3577 3986 3519 7479 8147 1836 9364 3280 572 3462 9646 9364 5916 9771 999 3484 9300 5482 3158 124 7728 6703 3204 8072 9912 7989 8893 9835 7357 3884 6464 7223 2568 3621 4594 3856 6372 2575 1246 710 2380 1083 1929 7960 1843 189 22 1274 5131 7342 4491 6285 1434 8238 8439 9597 167 5371 2492 1342 8138 8565 6356 9129 4118 5163 7868 5882 8083 4921 4022 8166 2544 8964 6854 1289 9256 9409 6609 7429 778 7952 3674 240 2401 5203 9577 6675 6527 641 8577 8030 2616 2302 5767 9897 213 8064 945 62 4169 7001 6393 6526 1267 5077 185 6375 4147 2469 1288 4030 2382 5465 5393 9050 9182 2829 810 5560 6576 2501 207 618 2568 2163 1147
4062 1057 2304 1143 8383 287 5592 5261 5129 5083 7512 5274 5965 2968 5157 3391 5024 6596 9078 9916 3751 3429 3157 4162 2556 2351 6967 7687 571 5989 7185 2930 2263 4099 3735 8563 7774 8026 5130 4268 3907 272 9332 2074 6578 353 5338 4236 9855 5765 9974 3538 3266 8832 8246 6048 4505 6387 3732 2501 1354 1590 6085 797 6629 6653 6157 7080 8684 625 4199 6266 5151 5704 8908 4255 4969 7584 3935 676 5986 6273 1787 2964 8437 366 5336 5513 4186 9473 8156 8159 4282 230 4861 5168 3720 1988 6288 6123 4256 4120 5093 5322 9688 7091 5401 950 4286 6421 4265 8682 5909 723 5394 9543 1243 6741 1248 1052 5989 6329 4897 3745 6573 360 3009 5838
7109 1653 7028 6223 9495 44 9787 6638 4393 1582 450 2690 3738 119 5228 8036 1227 1026 9553 7025 2443 9432 778 5470 6500 4856 280 6493 2843 6857 9082 4317 1556 4299 7082 747 5614 1217 2577 1134 5989 325 2051 9976 9490 8097 1091 7026 4932 2123 4902 4978 3304 1656 1100 873 6488 7646 7187 3262 2071 4619 7347 9899 217 6919 7054 726 3342 6716 8773 1989 1243 8940 9293 6567 9552 5015 728 3367 7558 2820 4360 1615 3013 5472 3316 5465 1489 2531 6852 10 9038 4655 3865 9799 8915 3240 5456 4725 2406 9266 843 444 8442 884 7107 9189 1129 9901 9921 7269 7407 835 5864 1985 9754 5749 7511 1193 1921 4938 7393 9657 4620 2138 4940 9546
9254 5705 9686 8220 6000 9373 9138 5672 1575 615 5241 383 9427 6873 4270 3719 7611 4491 2865 6341 6901 8126 5748 9649 6057 4243 9180 4695 4133 1995 4995 6666 6809 1530 8865 6359 5138 2870 5037 2048 3773 8774 832 4444 3576 1382 6816 2646 8283 5533 3686 4016 6573 9279 226 4891 1202 395 1173 5669 1219 8793 3182 9689 4826 2036 6208 2517 4957 5029 2152 5886 9377 9277 8135 334 2373 6338 6607 6119 200 5537 1279 4137 3233 1679 469 6138 4996 6301 90 9036 5350 6159 2686 1003 477 7187 9654 3950 3258 524 4746 4600 1119 2819 6837 9426 3267 8750 6655 8667 3090 8347 266 7154 6931 511 9362 9764 8644 963 5186 9651 2187 6130 1666 2670
1378 888 2924 1722 3879 9308 2421 4684 3482 9873 2198 6226 8712 5725 4254 6678 1022 4686 5898 5895 7300 5209 402 5333 6918 2109 5763 6779 9362 3946 9591 4051 4339 523 952 6860 9594 9543 9908 6147 8932 945 941 9443 1519 3305 9253 5819 9804 2173 7979 6699 4183 5376 2529 162 754 9050 9485 781 3860 5767 4148 4116 9590 8483 360 5788 6976 5912 344 986 3643 1997 229 7165 5242 4172 2790 3985 2689 9669 6623 9510 6230 347 7656 5530 2021 5490 7890 8574 478 5827 562 4648 394 5792 5503 1273 7233 7618 5350 8262 1623 239 576 6919 4293 1740 1233 7527 2268 4056 714 859 7232 8537 7737 611 2792 3230 1678 7303 1140 9727 6378 2752
7159 4612 1062 1094 3234 9494 3220 8890 2424 9264 976 1036 6696 929 6827 9574 9493 699 8774 6639 2227 8708 3642 4403 36 9220 2957 4272 881 9382 6864 1805 7169 7884 8759 6526 7617 7542 6822 623 5793 5964 9169 8202 3336 3504 2250 5311 1519 9444 3874 621 8886 9808 4232 6353 9746 2836 8647 857 8929 3709 3332 8522 3443 9539 1476 1913 1259 8672 3507 9165 2984 817 9815 475 8124 8018 8063 7711 9781 9035 6115 7916 7171 6786 2786 6001 9480 7590 741 1424 1602 7891 9110 3998 3922 418 4005 2915 6982 1837 2292 1449 527 4330 1230 3337 6640 2211 5876 5224 3915 7048 4687 1244 4900 5654 2660 9261 7362 6059 4455 3255 3552 4769 1866 5060
9177 4313 6681 4818 6404 3322 3737 1840 383 4972 4982 4426 9599 9894 9864 1773 6102 9522 5573 5688 2721 7798 4721 2889 119 8561 781 6901 4862 1683 9819 4562 3597 8274 468 1075 4207 3032 4331 7855 745 3948 5871 7248 3590 797 2932 2899 4561 9209 9661 1964 4885 1613 1485 699 5403 3648 9512 9376 2208 1263 6853 3745 2246 8739 3956 8680 4854 1833 1699 8285 4073 4290 7293 1396 929 5123 7341 9464 4147 998 3552 3679 8883 8703 9547 6002 9355 9890 1962 9948 5560 2555 9732 5903 4956 2960 721 5726 7935 2853 8018 5770 899 6752 6702 3516 6878 4033 6650 8217 4764 5654 2890 8082 5190 4444 8854 6176 745 189 9377 5936 3879 1995 5547 6195
5316 4930 2439 4193 5417 1003 9943 6956 554 7803 4037 2255 3401 4690 3990 3638 3433 3485 8192 7924 4844 7392 7175 3139 6733 8934 2181 390 921 3630 5682 5539 6793 6832 5205 116 4945 8806 9762 7916 6899 2905 347 1811 9372 2110 2321 3393 9312 9171 6296 8444 219 9813 9079 2548 4621 2787 9989 3131 2781 8585 677 9486 9844 8827 3612 7068 9156 4399 1793 4473 8918 7136 9678 4290 7370 7576 1507 960 4990 5234 8731 4274 1300 2066 2548 9139 5305 2393 4468 8160 1403 3910 3354 6551 8082 9299 275 966 4995 3553 2748 5261 9200 6794 7323 2094 3085 6428 3743 919 2870 4275 9908 1102 7491 6145 3040 7168 1480 4509 1372 2638 6796 7750 1876 7386
2257 1283 9670 4977 180 3097 1574 3430 5275 891 339 4641 4433 1464 9262 1824 8075 5217 4335 8226 1447 5284 3478 4637 8932 3582 2388 1599 1201 2243 5410 5990 4458 9582 7573 2932 6255 5279 2064 869 318 4322 4423 6271 3731 3322 681 7849 5 5271 1423 9134 8100 3368 2287 3432 3173 1252 8182 7122 4983 1512 2337 9669 2 8846 243 6659 9041 4857 7354 5757 9867 83 749 8417 4037 1688 2159 8597 3493 5645 339 9945 1680 3611 9289 2515 6566 671 5440 584 4741 6919 4736 7415 1073 6966 4908 913 5157 6803 4577 8727 280 3650 5942 3228 1591 740 9021 2841 9668 6763 1493 837 4935 9131 5034 6649 9164 3467 9267 8922 957 412 7804 4923
5134 6532 2017 3841 3984 797 422 4526 8954 4969 4812 6982 1865 8157 2520 3410 7687 1341 8732 6154 1798 6918 8455 6155 9144 646 1021 3062 5023 4887 8856 9958 5969 8372 8314 8330 4863 4995 4470 1202 6445 3842 8607 498 1398 7791 2194 6365 7163 7468 6797 8097 8278 1936 7725 8951 4482 1613 9541 5801 1267 3065 9196 8673 1814 8545 1062 1104 113 2947 5638 3929 4072 129 7790 5725 3349 4390 711 7521 8944 5788 212 5919 6209 1951 3757 8729 5569 9197 3935 3026 5594 1771 7198 638 5887 3213 3366 5396 6697 299 5585 9433 4655 791 7880 8718 7140 4502 6077 7971 1058 5550 5662 9872 4385 6407 8489 2357 1380 5342 4408 9307 8295 5192 9824 2479
5254 4240 9000 6645 6921 9543 8958 9498 3654 4706 9436 7937 3340 2297 1755 5352 2103 2316 8598 8962 9028 6197 4986 1287 220 7716 6472 609 626 6338 6256 2602 3183 5611 3993 8529 2922 8611 6272 571 2090 8908 5271 513 4763 500 2730 5724 4962 4771 2825 3893 8629 7558 6859 934 3928 3926 8431 7829 5104 9955 9268 9403 8017 3911 5024 6958 2987 3778 5274 4773 5985 2961 3481 6753 5992 3522 4547 6077 8097 4056 9948 1724 6967 1554 8254 6890 2569 4408 6050 2090 6095 5002 736 5821 8510 2279 3181 3748 1934 785 755 3622 5604 2789 5655 661 3521 3828 5451 3478 5697 2639 6160 58 6300 2297 1982 1998 9794 8901 5327 7283 1281 176 3532 9196
5010 5484 8529 2653 9696 1013 8464 760 7906 5713 964 531 4265 2621 615 378 1705 3118 4182 6198 8852 2441 827 66 4 7509 2942 399 1925 3620 2740 8527 1165 3490 21 957 6028 6886 8388 138 1905 7666 6456 7238 4680 1864 2543 1954 8155 8832 4972 9900 4947 3593 7049 282 9002 4096 1531 5702 9577 4578 4126 1808 8812 6090 8118 5299 9040 8459 4721 4068 7106 7001 4931 6604 7903 9564 5274 914 412 4816 485 4653 1352 7610 5752 2850 1820 4177 3145 8511 4866 2436 2978 7374 5557 3649 6475 3217 4887 1635 1412 1770 9222 5208 6980 3512 4459 1869 9240 6389 4539 2163 1730 4638 6608 9314 8398 5979 4400 7179 4477 6283 6105 7456 373 6720
640 2858 7874 8685 5656 7529 3654 9926 9018 492 9084 7398 5524 1450 6418 2452 9086 1386 9617 8832 7210 4774 2193 742 414 9888 3687 5409 968 5296 4627 6659 4655 5827 4327 1067 2938 4927 9227 6504 7741 8304 1471 7241 2499 3045 1115 4506 7442 9343 1700 1664 1105 8210 896 1554 5115 9921 8070 3155 1523 8483 2433 8980 5611 6854 7948 3921 1874 9065 9569 3969 1281 491 773 8413 2822 6020 7586 9182 3773 9101 4066 8721 5041 7432 1808 6122 2933 8807 7433 6066 2882 9994 5639 122 2623 9263 4609 4886 3759 1595 9708 5720 3928 8699 2290 3489 1438 1378 6328 3601 3531 2809 5919 2801 8388 1272 4994 2264 6408 7843 5643 289 6498 172 8644 779
816 1349 4657 9388 4129 6904 9488 3318 1296 8261 1645 6073 1248 6700 4232 2141 6821 7480 6212 7019 92 618 4044 2100 6087 566 5133 4773 7263 1819 8988 3675 5252 4443 1693 3174 8295 1430 5656 9103 8217 2185 4129 8007 9167 9898 6407 2462 136 1596 7935 6563 2661 6352 3296 6186 258 5411 6485 2128 6094 4461 2523 6535 4100 4993 9062 4029 7567 475 5528 4999 1349 2914 5861 7329 951 4457 5875 3643 7464 7842 897 5048 8726 4160 8221 6785 2886 379 6977 5457 3759 2576 7625 473 630 3894 3184 2498 2999 6360 9295 6615 5604 4636 7921 509 429 792 1862 9734 2488 4539 3626 8923 1859 9571 6480 4222 8640 8238 1347 3180 3718 1586 5335 5654
3028 2545 8846 1098 9716 7446 1342 616 2091 1231 6110 9983 6090 4595 3072 7523 6509 4235 958 7391 1008 5854 2306 6699 9658 9145 3831 9884 5492 4914 4312 311 6151 1409 7273 5182 9242 4158 4298 3771 1655 1643 2494 4884 1594 4724 7362 8430 2845 6963 8167 5716 2469 9834 8486 2311 9049 456 3147 6274 1074 3785 2299 9317 4010 8276 9129 7307 4243 353 8641 3013 3508 221 1131 3877 1842 1586 9214 5471 4194 8922 2432 6746 3953 2940 3029 3489 9689 2008 1495 2169 4541 2685 97 6513 6609 3843 3464 9866 1386 1037 9215 2898 2147 3384 9021 3034 1729 7145 8352 4705 6162 7096 6426 5221 86 1201 5443 2239 4514 5288 280 5067 7202 7571 2911 5731
869 8302 3730 3499 3131 4729 4743 2860 2402 2739 1714 592 8467 6166 7484 6405 8357 9014 6825 3283 4400 6432 9368 3619 4620 3948 6338 662 6678 6438 6660 9515 6068 2702 9923 2545 5706 5170 8649 9366 8719 1869 3583 488 6104 2613 5272 3544 5993 5918 6591 5669 6594 7266 1165 8686 3554 75 581 3900 3867 423 5648 9173 641 7823 1387 8797 1780 7455 3631 3619 5080 4770 6378 8967 8713 5368 3612 7763 3774 1354 9022 8097 3847 5355 5036 7099 9478 9747 9002 8239 8564 9586 5504 4752 8888 10 8188 24 9049 776 5822 8506 6857 1959 4253 4119 5024 278 275 9416 8569 8675 5873 5037 2682 4510 7436 9649 9841 2135 7935 4622 81 7379 1445 727
2075 2659 2577 2102 2981 7301 7258 3212 1731 9565 1752 3148 3616 7953 860 5154 6389 7499 4295 9255 9101 3139 2711 6241 4291 652 4868 4265 7227 6428 7580 7636 2985 9874 8206 6190 6933 5885 838 2269 6553 7603 2546 5183 8752 6445 3706 1060 4359 7642 6274 6396 2419 9560 3245 3957 5122 81 8891 1580 376 7714 8637 8014 2296 3885 6384 7957 4219 2020 1468 3516 5804 5087 359 1424 4046 7521 8958 7776 2408 7496 587 1887 7815 6947 2887 2540 4502 7904 3857 4869 2081 7558 2961 8744 6648 4876 931 7329 5503 7281 6311 1175 8936 5974 8004 8297 5201 9916 1710 5781 7016 8660 3110 8099 2798 1764 3672 1914 6902 7533 4711 9739 565 435 9227 7771
6098 9979 5408 567 6533 2185 9977 850 2702 6433 4265 3653 4545 3779 9700 2796 8919 8396 886 2939 2235 4383 9136 1082 8455 5621 3106 763 292 5700 5888 2612 6601 3780 1394 8810 7072 3940 9029 2974 9999 6293 2612 2618 4935 3715 2205 3885 3684 9039 2174 2038 8849 7229 672 1486 5310 3536 1206 1742 3392 1459 2171 5145 9711 6362 2731 7721 7002 3048 8604 1129 8603 3136 1166 2918 7421 481 5526 6662 7803 2487 8906 2230 4465 9926 7714 9953 7263 4242 1616 5522 7645 9255 5999 9850 3344 172 4113 626 7390 2832 2832 162 5195 776 7598 9758 709 5421 783 3304 8555 2284 8519 7109 3552 1252 1410 800 4925 988 5018 1658 9802 4363 1477 2056
5967 7992 6973 9672 6110 9794 1204 3354 1859 2249 3505 6805 5936 5280 6545 7870 2635 2259 256 5351 1287 2372 5467 3722 3484 990 8547 4011 7619 5680 651 3156 1968 9246 41 758 3918 2118 737 9074 5694 3374 6290 8712 3866 7990 6441 6154 8129 217 5743 2870 6990 1496 2632 1370 1107 922 3475 9399 6350 9957 3271 8135 7193 1740 2350 8172 5356 7644 8415 5765 7452 8012 4370 5115 9364 8047 5264 4866 2982 1237 1399 2747 8636 4636 2606 7500 1817 5270 5885 4918 4607 6674 6868 8006 5123 3918 7475 202 970 5130 9962 6707 9947 6475 1910 9734 7748 5896 892 2695 10 5479 9301 8081 910 4214 6516 9941 2660 9109 6323 3311 1660 4003 1991 6268
579 9616 3437 551 5136 2099 3606 7510 8625 2609 422 2227 350 1667 2458 8699 2719 6022 6116 7224 4153 5657 5824 1830 5051 9373 5984 63 5555 6129 9347 3364 7271 2013 4013 4407 3682 3735 1515 9765 2293 9096 2353 9379 4087 153 1918 1654 1639 9677 6298 5208 1267 8654 4615 697 6007 1891 6998 8687 2565 393 3946 4050 7346 1271 6664 3253 177 5630 7363 1430 3541 4236 6201 6052 4360 6760 6122 4067 1297 1798 2355 4737 8391 1023 7969 8425 7517 223 9687 6987 4107 1518 6707 2196 7531 7554 714 7794 386 6630 6895 497 2881 9173 1133 6419 7245 5928 4931 9058 4298 8428 8973 1419 8033 1727 4480 8458 3724 759 509 7021 906 5052 2916 4840
2759 116 770 4970 1918 3991 2137 8766 9127 4221 4530 6135 5027 9157 2705 9155 4966 5540 4122 6445 2051 4138 9077 4296 6421 6345 4528 4160 9827 1270 2596 6898 20 4315 1807 145 2164 2376 8203 854 9661 2248 5889 3233 9308 6969 710 946 5453 6886 5828 8282 4492 573 9215 7015 2562 2920 4474 6917 2954 1217 5031 2680 2697 7076 1116 4499 2475 6785 7274 8603 6836 8320 9303 5821 7710 6785 7945 2380 8377 8364 2282 3154 5047 8794 8808 6752 4712 1771 1181 8934 2806 9147 1 2303 5063 9786 4915 3392 516 3042 2941 2888 3253 6461 4757 5714 1289 2786 5409 8136 2062 6126 7800 8623 8857 2869 5820 7403 2082 5845 6314 7890 9611 961 6007 4916
3318 136 9838 4578 3114 2013 1027 802 4270 5198 3757 8746 209 2950 8854 8091 576 111 9713 5887 1110 4614 6573 8617 9889 4870 4402 8461 4432 5352 2728 2502 7672 1956 6969 1758 5780 7536 6153 9064 1627 8205 5039 5149 7199 3853 8020 2258 7361 7651 1791 6095 858 1286 4497 5566 1704 362 5480 2113 8442 5534 7221 1903 586 2700 6759 6569 9105 4643 6147 9058 5929 1371 5253 7198 1355 6022 7564 6079 444 3797 5970 737 959 5147 6456 5487 7625 6463 2475 8993 3723 3669 2431 3486 3183 7699 5510 4800 7041 1220 5551 9034 738 1840 7805 2396 3081 5580 2161 2408 1107 3282 5846 8427 7373 5347 7035 2362 8786 5267 4443 8937 5824 4316 6150 6991
8079 1485 4518 6714 6469 1997 6445 9020 90 846 9084 7238 7639 9807 3999 1061 1992 2654 8766 9028 8269 3638 2790 5380 8009 4878 7677 9300 67 410 3422 6481 9626 6771 3336 2323 2254 6826 2216 2016 914 3200 725 3369 612 2871 5638 5981 1767 589 296 3409 5157 7417 768 9304 712 9621 2554 8545 908 7823 5039 3689 9075 6470 3109 8939 1963 4555 8526 9898 956 5811 43 5811 5153 8938 7124 8114 3122 4348 4771 1601 2508 2848 8808 3408 7948 5902 533 7454 5857 8335 4319 2685 829 4307 4662 9582 1872 7548 3805 6778 2786 3224 8798 6973 4385 9776 1242 5447 352 6444 9152 6430 2554 6501 7391 7190 9585 2883 6774 3742 4034 5997 6105 4956
2887 7983 5260 2298 4939 3436 4225 1058 6078 1678 2344 3932 4083 908 1830 756 3986 9710 4676 6923 209 5809 3430 4900 7903 8313 3303 2554 9585 9513 232 6468 1058 6020 9532 7657 6751 1308 5675 2527 277 1931 5399 7523 8919 9052 6731 9718 4823 4729 7976 8959 4201 7528 4896 932 6118 1364 3359 5434 930 975 153 7472 4689 3866 8916 3462 94 3891 4961 3799 9623 2542 3577 6148 1431 556 698 6594 5861 7354 6195 3812 3126 2583 4392 3906 9270 8139 8519 4803 2167 4330 4519 2889 8816 3748 5229 8687 8477 2460 2700 6560 5330 1387 1333 782 3665 6329 5769 1299 975 4673 6158 2873 4467 8049 6544 3196 208 9632 7800 7425 36 2285 3425 5877
3723 8568 5670 5137 6158 1090 9345 1078 4531 1749 8766 9115 1080 7445 5925 4326 2719 6258 1190 8191 8973 9913 4418 8579 3712 4683 2725 6815 1739 3552 1324 2770 3546 7275 8059 4520 8395 8735 9136 8605 8761 5452 4755 6897 6127 9835 6335 4978 4074 4784 8902 592 4200 3363 4267 698 8455 1148 4200 3557 465 4473 6163 9132 6118 6230 842 2509 4317 5859 653 493 9284 1352 7635 1462 7772 9026 6767 4398 9639 4693 1200 9890 4574 5544 641 2147 4543 7369 8205 2299 2071 5098 9868 3713 8098 8623 8578 2239 8137 3748 4616 7739 8133 8318 5509 2374 2502 8336 6236 9566 5804 9820 9902 5281 1079 1670 7319 9901 8110 3305 5215 4889 4425 4628 3529 9354
9866 2892 5150 8662 5107 5186 7594 3624 1600 4533 6014 6518 7882 6513 6755 2037 5526 1522 9670 623 4948 903 7956 3781 9182 4428 5991 7067 9841 4556 2086 6587 7522 5918 5338 5613 9476 1957 9908 9083 4280 4253 1893 290 9268 1917 798 5726 943 8394 6947 9215 4447 2778 4202 3819 6316 6126 2204 7867 1914 3255 4391 402 4669 2119 3948 3907 5673 929 5900 7503 7194 3910 1550 327 1474 2934 4078 7604 4107 2230 7640 7407 9927 7980 7097 8998 8287 5595 763 4437 904 2133 68 7086 9325 8389 882 7232 5295 1081 9969 4563 1995 2736 2841 1711 1771 7164 4069 5694 741 6973 2257 3893 2963 6608 6946 2160 4232 707 2838 7138 185 1450 1335 4547
2990 743 8237 2825 5062 8783 5658 930 3745 7633 1593 3301 3804 4944 7080 9803 3686 9427 4363 2418 6517 348 266 9901 5217 5923 9374 3179 8696 2551 8700 3741 2675 4316 7973 6171 7604 4846 5393 7366 1785 2885 8776 2248 9960 8511 359 7883 6581 5056 949 4347 9821 3033 3967 7961 8265 1790 7608 7241 6801 1013 2048 7329 8268 7491 4973 3801 1129 4965 7690 5376 2186 2330 713 6900 2214 6735 2862 3490 8365 8472 1423 3665 3896 9925 3469 2986 737 5108 2168 1636 4536 982 1900 4255 7673 8847 4620 4383 175 688 3934 8380 1783 2873 9971 6266 9156 3009 1177 2561 211 3636 7732 3442 8379 5953 4740 6170 4214 3096 1315 9795 3840 5676 2022 6450
7712 9243 4091 1040 4590 3559 8968 7924 9556 3798 8290 4032 4054 3807 4015 9962 2247 2277 5419 6169 8932 9885 8426 6328 7256 7616 8206 8397 545 4079 9817 1563 7174 4781 1603 568 3429 389 1594 8809 8765 7635 4677 1942 3406 6182 3194 2979 7731 782 4460 9642 388 6571 9581 7803 6849 873 8667 674 5910 7093 942 512 3260 6143 1655 4956 3628 163 1935 115 9288 231 7975 3715 967 7264 337 2190 9930 1537 2200 4007 3489 3597 9783 8594 4676 9490 697 7460 7468 9633 1971 558 964 3939 4585 1828 2078 8447 3190 7454 6603 9135 666 7677 9404 2926 2281 2337 5552 3312 5147 5189 1488 8198 4963 5358 1983 3199 2424 4539 9786 1942 4674 6156
2834 558 4215 7643 1686 1778 6690 5048 8031 434 2446 9282 1587 1234 445 4570 3651 1809 5432 5491 4460 1843 524 8315 8991 4288 4389 573 3969 4446 2587 4584 2318 7806 5132 439 6190 7413 4540 4140 6649 8432 8684 7343 6460 1846 2336 4318 7770 550 9026 4295 6232 8906 4786 1179 9164 2419 9244 6005 6491 4112 5681 5629 4960 4275 6678 4099 481 6270 5199 9023 7629 7352 8457 9222 2339 5558 3365 5634 504 6857 7748 6072 7673 9307 4607 8402 8148 6628 4109 5250 1801 8515 3789 4300 4577 1511 2726 8473 171 8090 7106 7908 3320 1838 362 8583 7737 6547 9880 7369 5062 4199 994 4902 9708 9726 2197 440 8228 9733 8797 4731 4352 1690 812 8607
7834 428 5718 5199 2817 231 3928 9643 3291 2639 1094 6339 770 6045 4930 2578 3221 5122 7009 3664 5157 7118 823 5614 7357 7687 9871 2205 9446 5127 3451 4602 5370 1837 5099 6962 8304 2806 9674 2086 1684 5315 329 4533 8341 5077 3825 7549 226 9570 9209 9107 360 651 9050 5762 7969 873 5301 3958 4739 1683 8166 7255 3068 4716 9238 1657 5866 278 5464 3086 2882 3376 6079 1647 5387 2346 7912 6798 2876 96 5239 5667 346 7508 8592 2068 9141 96 8402 4387 5725 4454 4925 3402 6507 4262 6405 103 6769 9132 4597 1356 8908 7059 6201 1253 1986 4528 2326 8346 7479 2989 5062 5150 6564 7143 3939 6431 7558 3101 8481 9767 993 8941 7746 749
5303 2063 9311 1566 4650 4749 635 3190 6164 9615 1105 3230 1524 3280 1884 4974 5687 3294 1135 5476 8008 9054 8097 8415 4603 5342 2647 7283 6191 6524 402 659 85 3024 830 7986 6903 9813 2496 5527 3792 731 7054 3182 9145 9058 443 617 2106 1724 1422 160 8970 5730 7042 3062 2149 266 5233 7549 1931 9925 5426 9481 6175 4855 6900 6044 6463 834 5110 8000 1618 8576 6881 6754 8736 8194 2625 9044 5515 9695 4041 1592 5107 8277 6186 4582 4541 6776 7268 1891 6469 6653 3412 5459 4775 143 5697 3793 7733 8688 26 401 9198 866 6099 8573 2749 5821 3323 8351 3799 3075 8537 9156 9531 8510 608 6826 4334 8337 8719 2591 7871 1107 141 8695
9218 6122 4939 6863 9595 4191 4538 7310 1577 3391 3034 2438 6494 3367 216 8165 4308 5050 527 472 1840 9765 1730 7458 4096 9068 4528 7060 4099 7876 5374 3626 285 7529 8841 2377 6579 2634 8219 9376 913 8905 9785 6795 4863 3504 8894 4383 4407 6567 207 8322 777 3581 6375 8024 9442 6786 1947 7272 8048 7542 9340 8034 6591 401 4126 1756 5439 6762 3416 9210 9821 28 9139 4655 2632 3329 3677 2939 7977 5736 3930 4916 5740 4272 8719 1225 9179 90 7974 1953 2629 885 7535 8624 2484 440 3964 5109 7244 7806 4975 6962 7386 1452 9315 2625 5864 2156 1321 8412 3590 7354 2335 8148 4534 542 6436 5151 9430 7512 9692 6001 746 2937 4044 1296
3236 3939 5935 3430 7871 3168 8993 520 5710 8348 3943 1888 6676 7036 5812 9086 5706 8383 8338 8629 6024 2398 7211 8279 4735 8884 2589 9298 5290 3405 6313 6494 8630 4242 1308 5318 6406 4201 9577 968 924 9926 385 5527 7229 1013 8129 8358 8705 7689 1955 8536 6712 5890 6019 3725 5870 6821 1773 4947 3241 1504 8638 9834 7015 7898 2999 904 474 4595 7389 7259 6517 2677 8578 4252 1405 3595 4361 4840 6299 5281 6075 2603 3549 4185 8873 7297 1873 7034 5156 6083 9689 4616 512 3275 2879 5964 6970 8848 5055 8443 3541 2399 8832 4884 8375 722 4677 2155 6707 214 5595 3176 454 7912 8325 5396 6480 8745 2630 1359 3306 5685 1155 6612 5534 3348
3727 5655 2316 4772 9003 207 9008 9333 3479 4071 594 2773 1538 5722 4229 149 1442 8061 4927 653 4274 7961 7529 9741 7691 4580 2149 8686 3420 2918 4999 3105 8648 4278 3114 8612 8916 7136 4609 8806 280 4592 3261 490 9500 5645 2276 3293 8581 1783 2294 9632 7612 3145 1379 9831 1169 5950 2655 7001 6799 2528 6334 5878 8152 510 7964 8731 6057 5790 6543 4572 6324 3076 4813 5071 1949 5242 658 2455 380 4244 3444 4202 2191 1029 812 1395 638 5683 3701 149 298 774 4684 8304 2405 4887 2990 1630 1948 8745 8782 9935 1030 7957 410 2777 4512 3803 1461 9298 1893 3973 4710 8519 7232 8368 9639 8360 368 2180 3379 5154 1744 75 6390 9914
5847 2656 9250 2148 3044 3911 4295 1824 2814 9577 6097 9896 4227 2180 7899 3859 70 8128 6862 9597 1755 7159 4514 7794 699 5312 4068 2176 1732 5810 1182 6294 2483 6130 8313 723 7944 7499 2156 4167 9437 362 4370 9754 8398 4726 8272 1971 1678 5082 9554 7029 814 3356 6181 3294 710 8731 6591 8430 6150 2267 6251 3750 1383 1881 1592 6322 9776 5427 9281 3961 5709 6368 2422 5679 4451 6625 1229 9822 7118 1600 3973 6877 3574 7406 4135 2729 8305 2941 2833 8573 1703 8757 9983 7565 7042 3714 9151 1951 6541 4926 2336 3319 6110 215 5414 5222 3155 4776 7388 5395 4089 803 673 7314 4217 5069 7851 3263 6804 24 7403 942 7129 8561 3759 976
2194 1568 2932 5819 9390 3480 2845 1142 4094 834 4926 1176 6789 194 6900 140 3799 5246 965 2850 8570 8779 705 8668 2774 9912 8020 6139 8527 5104 994 4645 9971 2450 7590 6242 1000 7518 2638 3612 953 8400 2625 59 8918 6124 1087 9735 5322 2418 5871 6196 4965 4991 6088 7014 3074 7387 8904 5509 7023 7590 3839 2661 8625 5086 7258 5763 4113 8000 2133 8290 1768 6579 6904 5601 6352 5482 6734 614 1582 3887 783 8681 3143 8018 2073 7032 8260 744 125 5491 5986 6170 4431 6642 2333 9160 6800 6817 2322 9760 2790 9464 2324 3960 15 4970 1969 8767 8716 8577 8932 6649 4870 2899 9800 4771 9264 7318 5809 7206 3814 3041 8046 9230 7884 2749
5984 3838 404 5266 6721 3415 9379 7165 768 7245 1869 4266 770 4614 3336 1590 3661 675 4356 4707 2649 7112 2539 4870 4770 8032 7218 2037 9671 6146 9298 6007 6704 1924 8750 2725 7768 421 7105 6189 8480 9198 3698 3293 8664 291 6173 4849 2447 8551 5073 4429 2850 3793 8289 12 1065 7658 6627 7224 7397 1849 6053 2771 5779 9202 9536 176 4316 8602 8611 4635 900 3434 3731 6511 1939 9739 3048 4355 1661 1505 5453 1607 9721 7546 8861 4189 1948 3636 3940 914 8805 4001 1677 5550 9855 6772 4637 1000 9476 466 1810 2236 8519 7057 4807 9466 7045 8384 9891 5709 8369 8666 1998 1361 114 3328 1624 8388 7211 540 5940 2885 9787 8073 6195 2810
1429 6135 2094 4768 18 5962 879 1110 3207 858 2761 6877 3500 3275 8040 2100 7183 1290 1276 7539 9433 7860 1531 4917 6406 3916 1063 9767 4357 7865 5736 3473 8116 3289 1556 6966 8571 7025 8141 6560 8266 6969 9447 3192 9841 4818 7743 9665 9603 9081 7256 9496 4816 1904 3695 9954 1089 1611 6439 6130 314 5112 9359 5921 9170 8535 5708 4729 525 7677 2551 5882 2865 3450 1086 4472 9250 9236 1425 3281 4924 3617 3526 7447 2062 8817 7678 1083 3762 3951 2092 7553 1706 865 2320 3340 2832 3787 7467 5572 2413 9679 9815 6407 8524 7878 1797 1403 6349 1963 622 4189 6652 3359 7057 7292 1950 1383 9515 5231 1652 484 9295 4045 4915 8966 2241 9873
5536 1085 7204 8320 5146 6838 7548 3690 3622 5870 8259 2721 1494 4454 5369 5749 9813 4949 9183 519 648 3334 5461 9759 7742 1171 6446 9497 6467 9091 8796 7788 2124 3304 6143 9043 1871 5471 8397 606 4914 5394 2720 5862 8442 1631 8552 7803 9036 8765 809 1483 2486 6269 611 5104 76 9535 655 158 8165 3137 4669 325 9471 908 7610 7941 938 2242 1540 5924 3416 5186 90 8659 885 3060 5973 10 267 3491 3280 1918 8368 1584 507 206 9621 5479 1627 9470 8454 1198 3863 5213 4377 5065 440 4023 1675 4985 6783 1340 8068 731 1243 4926 6994 8233 404 3020 5422 5462 5891 8095 8160 3599 9655 2756 6105 3577 9051 1338 3341 8759 4019 6194
1265 8686 8605 1963 7262 9730 8654 1584 2647 8768 7042 7312 6854 2605 7704 3756 637 8372 2383 9126 530 1417 7780 3981 3294 5498 6058 1449 9909 6202 7053 2883 4297 1486 1183 894 1100 5318 3890 4712 5846 9892 2103 4655 9085 4599 9343 2753 7795 6059 1364 8318 1284 5729 3805 8509 2740 5926 7430 2288 3885 8602 2745 5135 5297 630 3720 8763 2575 712 303 6030 5664 5950 6499 6558 8606 4321 1380 2486 1486 555 5927 44 4445 12 7045 4038 5158 5724 8932 7145 7272 9646 8242 3518 623 2541 1898 9975 2926 7162 218 8470 6680 1279 4008 7075 3931 8106 5641 3403 1393 322 4925 1244 7854 8074 3037 2583 2999 5513 8232 8655 8684 9402 943 7080
4879 2880 4252 4168 5081 7794 4496 9304 5783 9234 5037 5325 6283 4190 9123 6434 6504 4185 7143 6280 5654 1443 7392 8859 5591 9855 2687 568 580 172 8280 4873 3046 4960 4150 939 6330 303 7740 1841 1596 734 9661 7202 6682 8573 5482 3201 8017 5521 6449 8895 5326 2545 3462 9182 2539 3472 5036 1526 5897 2331 6432 402 329 7643 5350 5101 5608 7354 2914 7593 733 4494 6783 4935 6966 5651 4293 8624 4064 7220 6615 3006 8915 7188 9366 7575 966 911 6123 7970 3269 2508 2923 9414 5960 3877 8980 5889 3675 315 7442 9386 7069 9740 4963 2505 4797 3032 587 1250 2023 64 5449 3377 442 6812 5118 7956 9773 8569 5876 9137 677 4166 2843 9243
9180 1581 6760 9199 5943 2143 7608 9305 9016 7966 4710 8486 9041 8497 4429 8773 5411 4233 3910 6086 371 2562 7287 5206 6441 6701 4288 3170 3733 4013 5380 6927 1339 7612 4201 947 2264 3149 2038 2117 683 8625 3231 5714 1973 6565 3964 1255 9393 9408 7863 5134 6856 3224 133 1772 805 1007 3242 9287 9422 1988 5702 1745 8795 911 5157 6014 4387 3985 8480 5027 772 3685 524 8912 4376 5142 8173 3796 9189 2422 3226 3341 6252 5145 747 6711 501 7293 5301 2694 529 9813 1298 1614 2907 4736 9495 1699 1414 19 3237 3716 7878 4141 9960 2516 9310 9414 3241 5909 935 1435 5801 9054 4461 2220 7188 3041 4707 4321 8397 3041 9740 4000 8909 2208
3037 3209 3690 974 4035 6850 1120 9930 6900 7638 5287 2498 4683 4336 282 7395 2770 1551 7331 9162 4907 7445 577 5155 3906 690 2714 2584 3842 930 557 3216 3249 2895 955 8515 4440 2149 7495 1046 2914 6964 4081 1949 4754 3609 3740 3843 4440 4364 2615 5927 5293 4189 6762 5585 662 5513 9986 7033 7371 7427 9668 541 4680 2629 4845 650 1760 7038 313 9786 9955 1362 6634 5662 6079 3249 8159 6386 4839 7125 6747 3360 9971 8807 6587 8338 6019 1980 3881 4722 9848 3842 5070 7326 3735 6549 5574 8260 4036 9840 4256 5111 6942 8886 2735 9178 693 4520 4791 4203 3195 1976 541 6772 3102 1248 3560 2859 1421 7141 1422 7234 6619 3450 7386 7823
3549 2380 4140 294 6232 5107 6636 4964 4901 6560 6177 861 4966 890 8767 1325 1899 5835 6355 8422 5629 5631 6303 9820 4986 1170 1218 6783 6629 5485 153 2223 2278 4523 5483 7207 9137 1770 4270 3008 3679 2581 2978 7190 4669 3566 2916 3538 8238 2741 6669 6851 6373 2155 7065 3104 7917 14 5128 5118 7167 2753 2160 3197 9771 6320 6394 4072 3424 5772 3803 5830 9778 1082 8648 668 2032 3252 1656 3020 2085 6216 6878 2693 5133 4971 1694 9145 5627 1217 3758 3744 9694 936 2646 693 2965 8389 8791 1314 271 7642 3410 826 5802 3490 6525 1138 4982 2603 1499 6095 3429 908 1678 5194 5851 7064 5966 4320 1858 6139 9328 5242 3306 623 1526 4571
8315 9744 5001 8230 9897 5787 4052 3458 1978 7953 14 9428 5550 4321 6843 5175 5671 2223 4416 2787 1892 495 4947 4643 69 1459 6120 5916 9573 9051 9183 3672 1865 599 1709 4317 4339 5489 1659 4901 7819 3079 7693 1442 7281 8790 4739 7501 6114 3699 1586 8949 7144 1118 9742 6306 3753 1312 8908 3992 7448 2324 1092 3282 7214 7630 9412 7230 837 2419 4224 8890 6055 6598 1868 8069 2582 5483 2914 2734 6166 9532 1042 4385 1361 8533 1882 4263 4756 79 1291 2867 5949 7241 1637 2306 6704 2834 9665 5226 5299 1417 8528 934 6802 6306 5012 2399 1168 6796 7356 4697 3171 740 9388 5089 4782 6972 8315 9672 9066 7271 4943 9176 9625 4260 3541 6955
221 832 3638 9235 5544 8235 4010 3301 7589 3662 3979 6457 4194 5850 7303 5786 1442 2705 9139 9494 6553 390 8482 5537 3920 1977 5319 9918 447 50 1861 6684 7924 1686 6466 514 6035 557 882 2278 1505 9842 8940 5418 5227 3894 1386 3636 6095 618 7389 5667 311 9804 4800 429 2413 9532 4701 8162 1325 7234 5311 3049 7723 6106 6507 7482 8029 9950 331 4525 6387 1631 3279 493 4464 8458 8828 7684 7779 8407 3374 3599 2221 4921 8983 8584 749 1786 6089 7139 1090 8037 9709 749 5515 1319 1294 6486 3154 2548 5080 3828 8855 7039 2499 8024 541 5624 1556 3610 859 4117 4039 3372 3789 43 7447 6438 3178 6266 7343 6653 9772 2877 5485 7116
3765 5463 3472 2611 6679 5779 793 5162 9481 8807 4390 7775 3431 8713 9169 2510 1265 4926 2603 5307 1655 6502 572 4378 9714 589 4535 5397 6827 7994 4943 1903 4163 1797 5628 2305 3487 6156 8041 3160 8341 7860 6464 1958 2632 477 902 1781 2748 1865 5115 8613 6405 5336 5496 1768 6532 7689 3918 3036 5164 1702 6944 3028 7305 8536 8772 8282 3641 1954 7545 7421 7351 5949 4578 2680 875 4837 699 280 8957 830 2723 5946 4450 7330 8187 3568 8993 2312 5833 8533 7766 2334 635 4788 5204 5960 1299 6665 158 4221 3635 6554 1263 6418 2092 6128 9531 7003 4429 4709 6686 4353 7899 9959 4304 2740 7131 9655 7108 2355 747 228 8031 7061 34 5652
1094 2835 3356 4413 5896 9111 7697 875 7288 7845 5998 3539 2588 6386 5974 9666 3555 2760 1671 3665 371 9463 1255 406 5349 296 5821 8286 9220 601 5617 1472 2114 2198 7500 9103 2418 8250 524 4655 3700 6732 1341 4214 2225 3858 7972 4344 8786 126 4670 6885 5963 2944 9762 4262 3120 6430 6187 6187 5367 4072 7227 5373 8874 7317 4374 4825 7712 3274 6379 8155 4400 1871 9846 4698 2484 2542 7609 5260 6 5527 4608 8734 9090 8030 6386 2317 911 2817 9384 621 1079 3805 7463 2509 1458 2313 2070 9171 1139 6402 9937 4348 7854 3419 4854 8024 558 7904 7740 7045 8885 78 6220 1252 6443 5837 4637 9960 964 9319 7221 6350 1758 1820 5967 9217
2172 1970 4952 5496 6185 6795 5477 9488 7340 595 8369 8310 4986 3748 843 7266 4783 4592 6407 755 8379 380 3511 8126 7371 43 8526 3283 3570 9145 5104 2836 1857 3904 439 5833 4743 4047 4312 5331 3339 7658 7549 1019 8668 9795 428 9750 6720 2524 6503 3106 5676 7364 2431 8008 9507 2786 5494 3635 7206 1826 9143 7708 2369 4088 5629 9766 6685 8821 4487 4640 9903 1062 4153 9406 5551 7304 3460 7249 5227 1623 1983 1528 1882 7638 1003 5236 7042 8423 4327 3336 5987 2674 972 5105 9220 2048 2338 3595 9286 3263 4655 3544 6779 320 8642 7959 876 5670 3523 4061 3917 4466 7773 2212 1927 8647 471 3780 1505 4334 4239 3254 7761 2924 2097 1295
219 5578 6345 6711 7835 5836 7004 7210 3394 575 8709 1799 2511 4504 3659 6037 2248 6753 9369 5193 766 9611 3899 176 8123 528 1763 4445 1429 432 2309 4960 8359 8749 1547 7273 1329 8565 5691 9006 8940 1415 8683 2535 8350 8627 8066 5084 9342 2062 8943 5485 6520 9132 4237 4060 7774 3588 9735 1986 4924 2021 5046 7141 6505 1169 8543 2185 9869 8732 4214 5852 8407 8436 1151 7844 9995 8232 755 2214 9156 5993 2730 8076 137 2242 1800 1055 565 5576 8725 8753 6622 504 7458 6462 9157 8818 4338 6280 6152 6157 4914 4268 9886 868 1540 3638 2376 35 4418 8256 1731 6605 2688 4691 3738 2573 2780 3163 7885 4147 6393 5338 2791 5448 5606 6072
7429 3737 9055 2533 5078 2234 963 8714 7342 139 7487 1123 2472 6787 9615 6447 3560 2740 7068 9982 1762 4787 7085 4239 8710 1707 3406 7759 1743 6923 9503 2063 1213 587 9726 7618 8962 8733 4889 6581 966 5931 9607 4804 9230 9566 4179 8166 6069 3867 4613 9228 9911 8363 5472 1562 2310 2 252 2650 5092 4514 8367 5675 8100 7206 680 8825 4593 646 8982 2633 7142 4339 1394 1829 1673 9961 2135 1872 7774 6883 8527 6215 220 5117 9055 7434 7021 5298 3800 628 7520 3808 4490 5419 7533 2828 2289 8926 4313 9119 4459 6617 6303 7964 3844 5507 2139 3100 1915 3919 5776 5543 1988 689 250 7099 5546 4852 1612 2314 4065 4828 5683 3802 8571 3586
8029 4212 9178 6889 6086 4902 857 7571 9270 6960 5635 7897 8537 5649 2802 2485 6908 5933 4153 975 2342 7154 8592 6697 6873 5822 2784 6450 9668 8863 9764 8428 916 3440 5022 4836 7800 1273 7846 9576 8645 8343 6083 9769 482 558 2218 2766 2921 8525 9660 6044 6559 1245 2716 1089 5886 4762 5509 4408 2271 3308 1441 5137 4618 6740 1855 2670 5248 5644 7075 989 6131 3683 379 1121 4823 1560 5579 999 1918 8433 6565 929 7711 4523 5731 7339 6003 6048 4788 3629 6315 7192 8721 6846 1732 9884 5812 7808 6662 389 4184 6622 7111 7373 5113 1213 4006 9278 4507 1392 9077 9066 2820 7739 6127 1874 658 2142 6936 8243 1931 7843 5375 2367 8415 4149
8009 7127 9861 1479 548 7196 2363 4693 8469 1189 919 2414 1162 4218 4277 2685 2939 4533 2050 3306 9618 4523 3545 5672 1477 4198 5375 8636 3903 4714 4206 5521 5591 6226 2868 9373 8189 2114 1464 7920 6536 1675 9315 802 4176 5689 511 1322 5100 4674 6045 5618 4105 269 569 6220 6605 6775 927 3770 5204 1039 8951 7988 7025 7406 2491 3848 2616 2228 9991 3368 159 4882 4875 61 4601 2406 340 6291 4675 3191 8551 83 7837 7553 5636 1698 9650 5902 6811 1767 8412 7073 2079 3705 3382 2015 4476 7664 7656 437 7748 8236 5532 1431 6241 2164 6716 8339 8159 8559 975 1300 0 2249 4499 1842 9030 706 3585 4214 9657 6011 5341 2254 7792 6035
2452 5312 2315 2976 8077 6711 319 8931 8402 8372 3791 4899 4644 7775 9458 2376 9149 7568 8011 8201 6458 5432 6498 9269 5640 9952 4685 1392 849 6726 2185 6285 2521 4113 3819 3978 722 7054 9776 8887 5943 477 2318 731 1010 9360 4068 2487 8767 8695 9577 5536 4686 9815 7832 4821 8590 7303 2575 8977 9914 1965 7227 3235 3074 9599 8885 2028 649 4250 8896 2700 6684 8230 8844 6971 2535 8934 137 8749 767 4526 9771 2515 6755 5514 2606 5315 2638 5510 5871 4426 7410 998 7362 9003 7542 8554 6434 5186 4549 86 4923 6875 2051 8762 5914 3355 7034 5347 9282 5194 3095 6038 1824 6976 6927 6900 2540 719 6747 2321 71 8272 7844 929 4847 4803
7141 523 8763 2232 2151 1182 4903 3293 8075 9824 893 6157 4750 2889 7212 1994 6097 1008 2024 6556 406 5934 1897 5541 6953 6650 1965 9553 9839 596 6282 1501 2987 5849 7649 2952 7720 5445 8485 9483 7079 7805 1657 7031 9995 8327 6262 9793 404 8084 8890 5538 2680 1942 7612 2140 7596 8279 6218 3792 1553 9778 6474 7336 5724 2257 2025 6533 2907 6047 8692 27 1666 4324 41 3540 3232 8342 219 9429 7389 5310 5133 6531 4849 5833 2486 3741 7814 8129 1149 3446 5924 3499 7970 5358 6673 2596 3787 4806 259 9385 3246 3340 2387 2608 3941 7530 3291 6949 4436 5314 8476 7152 5733 8789 1731 5984 6073 5973 4530 9104 1391 3068 745 6426 6003 7509
5992 917 4130 1041 6559 7559 6327 6143 5163 9362 8947 8603 5246 5330 6350 8881 679 9939 3873 2602 1851 6661 489 5971 7370 6955 4625 5581 4353 623 1824 1810 5622 8360 7976 5959 8434 242 8315 8746 6271 5459 9895 6928 1632 9352 2572 8535 8126 1948 6587 7831 5038 6730 6635 6068 2886 6083 6522 6869 2397 32 9116 6828 2634 401 84 3457 793 3483 1061 5772 7426 8308 5820 4467 1936 3635 555 3725 8002 85 105 8575 1407 197 8598 3996 4816 7482 5970 7686 5349 2862 1800 9719 7473 2581 8072 9484 9054 6308 2289 4643 5122 1065 7590 5412 1258 6521 5591 5334 5999 4551 7051 9241 3199 1125 2724 3882 4501 3839 5076 7738 96 5460 8422 7329
5786 7410 9529 8946 6304 8289 8859 3336 9961 9209 7421 4731 697 5107 422 1378 5095 5180 7579 225 558 9630 3133 9641 861 2480 5292 743 6382 632 5525 1476 5247 4665 3754 9121 5413 9270 2144 5555 3064 2786 7225 7022 9255 5294 3124 9483 9278 9779 6842 4763 4782 1043 1564 9984 5999 2926 4226 7830 682 8607 7190 4158 7986 2043 2968 7993 1108 9793 7736 3778 7780 2897 9508 3856 7017 9385 4830 7478 5921 5155 3770 7124 7277 1549 1141 9632 7680 2865 4946 9832 6988 8316 6439 9607 6686 7625 8870 4729 3200 9003 8350 1271 5709 7526 8867 9600 7980 8697 371 9080 5913 2848 4616 1019 4612 9897 5407 5988 9635 6636 5405 3417 4282 69 5400 3051
7667 3036 3014 2603 1029 8553 5369 8252 4804 6439 2426 2178 6566 6335 2245 6662 8764 4097 9648 513 4058 7076 1054 396 6204 7015 9578 1379 356 7472 1668 8876 1451 2881 3466 6270 2530 8883 9662 9980 5846 8847 4229 3696 4841 4576 6983 9281 9839 5828 3176 9731 2368 5321 232 8303 7007 484 5200 820 6299 2940 3565 9835 8118 8101 3918 4302 4746 2589 7188 1870 924 3993 7494 5672 1495 2501 4582 1751 2006 8768 6747 2020 282 9977 6487 3190 9564 4825 2291 8744 3351 82 9385 2141 8827 1013 1317 5374 2267 6746 2544 2026 6489 3264 9287 9223 4246 9565 1536 5813 7907 5682 7699 6812 4168 1091 2459 3441 746 9000 4893 6978 6548 4724 4779 6632
3798 9889 2162 9118 107 9108 6683 3515 3999 6227 8986 2612 6610 4242 6566 478 6195 7053 6260 6066 8929 6349 2220 7523 9325 7413 5042 6227 1206 239 6241 3601 3948 5800 2329 7738 2862 3369 4903 6459 1228 5307 5097 7160 6339 5513 6032 6743 403 7496 6447 2600 5760 4399 8217 7524 8972 5288 8435 7969 290 3458 8283 1428 2603 7029 5477 81 8480 4136 4376 8233 6739 6641 1859 1810 9266 8381 3340 1488 9053 7797 1818 8929 1135 3380 7265 4295 5253 1741 1027 3767 5730 3268 9399 8489 5804 6605 5829 8311 104 592 8104 8415 875 3429 9506 3242 5604 1179 7192 5195 8198 1421 6770 8954 8023 3952 1269 7771 9245 8665 6847 6246 4452 6716 785 8320
9055 1290 6747 9758 80 3444 8122 6272 712 4358 6707 3466 6891 8362 5527 9967 1532 4142 8274 526 5243 4820 1424 8320 2750 2298 5602 9680 5492 2575 9999 2327 5336 3989 9577 543 4176 8988 7751 7032 9293 8741 2674 4543 6956 8671 9439 8203 193 8966 9233 1380 2048 3291 8571 8932 415 7018 6773 5492 9500 723 4991 113 801 8463 2579 5428 957 1438 9283 2367 9735 8855 8606 7312 1898 7661 7167 9388 2492 193 2731 3731 2626 492 6967 4571 8091 6944 8925 9674 9056 9724 5133 105 5206 248 9020 3177 4735 833 6156 1456 4356 1218 7105 2539 8138 5977 3046 3142 5529 1331 2103 5160 8762 5192 1740 2212 6484 9865 8175 9409 7253 9371 9385 2350
2701 928 4281 7993 2452 5102 4959 4958 3141 6138 6748 2145 5162 2536 987 3752 8872 5467 8324 1614 2502 8869 1327 8806 8222 9606 5144 4810 8914 8314 579 4817 9799 2475 1871 7008 5466 3485 845 3245 9967 6663 5783 1522 6371 8620 3342 8890 9428 135 829 3737 292 9208 1908 2293 5590 4387 6264 6435 9179 4106 2238 9813 5968 8872 914 2364 5182 5790 6791 3850 9464 8399 6464 1444 3565 5841 9621 9243 4072 1963 8304 7847 6753 6810 7221 439 8509 8453 6589 787 4684 6776 5641 1258 1205 8520 6701 6137 8592 4031 7403 1453 2931 403 7378 3721 3501 9744 1280 212 5701 9384 8430 8487 5354 4189 9366 3253 733 6873 792 889 5111 8053 8168 4360
7874 317 219 1444 11 8936 4237 1545 3267 1458 8957 575 7582 6710 8866 8906 8782 3954 5198 1308 4701 8702 8143 5757 1759 8969 262 3983 7126 2502 7423 7959 2462 5689 4629 6605 751 7914 4414 2702 3045 1389 9184 6865 7414 4474 4904 1410 6060 2800 6278 1391 2771 1060 8 1166 6554 7861 3911 4486 2666 4456 9574 7663 7826 7258 8674 9162 5151 2769 5705 9418 4127 4250 6464 9249 5922 1983 2676 6051 4356 5843 2844 470 2673 1359 4694 9340 5355 9240 6298 9110 9329 7352 2329 1603 1568 9679 6957 4310 2990 1775 2725 6693 4839 8219 5876 3027 2290 345 7571 8336 4709 8710 8121 14 6693 2703 6702 6737 3661 7556 8666 732 6203 9137 7906 5113
3871 3399 1398 1059 4137 821 2983 6835 4186 7483 6931 6290 2935 3232 5497 9865 1000 1167 3761 5727 8455 3890 9306 3990 5906 6267 8281 9967 2386 109 9149 5775 1924 9616 919 3156 2465 7714 3855 8576 7104 7891 6958 964 4341 6453 1949 5459 8680 4239 3974 6328 3581 6133 8027 2615 1665 7065 6687 9785 4080 5796 112 5406 3537 3970 9863 8989 4178 1511 9546 2904 1879 9088 5160 2561 2534 9981 9667 9787 308 9717 9513 1015 2042 5627 5877 1911 9981 8687 162 4344 1197 5047 3907 8852 3654 473 3293 9846 1010 6295 8415 4245 1392 5554 2235 2392 1213 5243 1514 4481 1396 8705 7212 5467 4695 8095 6889 4557 4072 2700 2618 6497 3819 6106 4749 7045
4861 4800 4365 100 9128 1207 7591 1388 1707 5860 1162 5236 5727 5735 9034 8434 6653 2874 8114 2259 2073 3809 2507 1175 6207 6736 9966 924 5632 2643 4914 4360 72 2716 5983 3094 9710 249 8210 6428 1502 2405 2311 2475 472 4208 6184 210 2676 1945 6541 3461 3898 7960 3076 2947 1109 6064 9334 9177 333 8576 8967 581 6875 7312 6951 265 6065 7388 4745 9625 5014 7371 1743 2847 3863 25 8780 9471 8607 8087 9783 1772 7723 7978 471 6417 3476 1234 1774 7151 4489 1675 3685 8445 5345 7256 6595 1762 760 7587 5584 5773 7385 9880 2182 3343 6422 5499 1660 7119 4691 5073 7575 3088 5121 4203 2670 7706 884 2662 699 2703 4219 9959 6342 5250
9795 163 8712 7431 6036 6042 3126 1256 8558 8395 2535 4686 2726 6230 6838 3354 490 1343 2958 9690 803 4628 6148 8391 9585 8908 9822 5910 4843 8893 4360 4985 5820 9428 7762 6374 9342 1434 7284 1489 4922 3736 3677 9441 4813 1456 4051 3211 720 1532 1895 2359 7668 5932 6130 9689 8568 2284 4150 8718 4716 4373 9209 3430 9142 6290 2363 258 1503 3560 8358 832 834 9301 8766 5094 107 675 5764 9350 2287 574 9579 679 2912 1347 1493 9428 3639 3234 4450 8204 2008 7583 6027 4853 1702 9947 1946 239 5200 8198 4578 5404 4782 7692 8928 6235 2202 2875 8591 7378 6418 7686 7431 1242 4380 6506 7466 3042 6432 1416 7725 1647 7787 8703 6258 406
1363 6117 2931 6274 249 4019 285 7878 256 8845 8580 8370 6319 7046 5793 3912 6236 9695 2168 2909 5410 2450 1006 5995 8202 469 3089 5651 9798 9724 264 756 947 1507 8952 1608 9375 1190 2489 7510 2163 9599 4399 3123 495 1653 193 5402 8345 6959 7842 8663 9375 7591 7549 8845 1102 9249 6355 2856 1544 3922 2464 4658 9730 5944 4331 5835 9769 227 6872 1901 9616 7061 1044 3793 728 3667 9198 2274 7101 350 5594 5064 870 6599 3332 7996 623 1436 5953 9585 9012 7982 5216 7045 1640 1565 9351 2801 2730 1270 9052 5258 1085 3597 9884 8290 4364 7973 7705 8958 3664 4218 8578 4904 8546 6790 9292 9584 8280 698 2188 3371 4572 1327 5958 2727
5687 333 816 1597 764 714 9242 5155 8050 2433 7746 21 6778 9059 7821 6945 5978 9230 4717 4728 616 6012 5003 7357 7380 6115 2143 747 8996 6283 6523 1668 2118 1648 8251 3511 8364 9990 9248 6702 9232 7841 2782 7481 3361 5541 8406 6507 6280 7433 2232 7354 8022 1855 5800 7012 8559 3904 9074 7032 7410 3667 2579 6362 9937 5540 2853 5598 5048 9912 3982 7360 7124 2939 7870 6697 2748 768 8648 2132 1181 9140 7101 206 6346 732 5924 6703 1326 8236 2727 402 191 2799 9783 933 8280 1729 8773 9493 9538 1107 9280 5044 928 3955 102 1403 5020 8974 5316 779 5414 3282 460 3609 2002 6136 6628 2855 5005 2446 1970 9915 5149 7525 1303 8110
6805 3084 5688 6894 990 520 4088 7546 208 9512 5933 2232 1722 4900 2874 3592 1913 3319 2270 2107 9689 7383 1140 2623 158 941 4121 1605 6413 4875 7828 3460 7176 6038 1208 7710 5476 413 9306 3021 7405 8724 4661 316 2122 6446 4932 9441 382 9331 4548 1209 629 5394 4798 862 6778 2847 4524 9931 9436 8468 9338 7739 4987 219 9575 7833 5173 2196 8472 9181 3284 6573 2177 7531 7505 2122 3622 113 1806 4468 3784 3612 1758 9214 8953 6219 7349 6393 5637 3902 9998 8880 1625 4021 6131 3889 577 6352 7474 4694 2282 5443 3430 2945 4039 6101 7077 6999 3063 9130 9599 1157 4721 5784 1225 6646 177 7809 4826 6003 434 1933 8729 4099 1935 1067
2233 5829 4365 4946 1634 2170 1074 2711 5265 7579 3484 5467 6408 1630 7614 4545 5718 689 9108 6431 2194 4047 808 5077 8890 2678 7346 9828 3227 4077 9297 4423 9170 6955 3053 3077 2624 1900 757 378 3079 6619 6539 9930 9995 2405 6509 6181 7060 2052 8946 2433 3614 6997 8894 7922 772 4643 2411 616 7382 52 8072 6696 9945 8658 4525 2689 4869 1755 4961 5717 7533 8664 7062 2938 9525 6763 826 4168 8147 7568 3593 6642 5487 278 2888 5182 8317 6324 3636 8515 2924 9666 5674 6231 9445 4852 1895 678 869 3281 744 9377 3194 1247 7104 4975 6159 2857 9679 9986 9799 4299 2220 5293 4361 8492 6982 7248 8377 625 2779 9790 5303 9768 7090 9088
4536 9988 1455 3581 6143 7708 3279 2297 6617 4843 241 3132 2314 7879 7917 8407 851 9402 639 5407 531 2887 6029 5843 6100 2129 3451 6392 429 2425 8862 8129 3239 3311 3986 2544 3294 5090 4692 169 8034 2251 7879 948 6942 1371 9815 6709 5163 3493 7817 7517 9301 1406 289 2629 9279 5047 9921 8344 3674 870 766 8303 4659 75 7124 6243 196 8297 2589 1390 7941 9145 3219 110 9662 5463 3354 4607 679 3628 9258 5579 1347 5985 4198 5135 9779 8528 7290 3033 5067 4575 8775 4370 1615 9233 4969 634 7493 1038 7982 9211 3722 2419 6693 9168 1075 1927 7768 6105 7633 5386 348 6413 9588 7558 7978 3798 8037 9681 7833 8311 9622 1132 5723 5389
5494 9453 6943 7077 2526 9804 5669 6214 6614 3051 5208 7508 7047 9900 6426 5925 5317 1421 1526 3937 6813 6906 6236 781 5141 2704 7125 500 7610 2544 2135 5016 9426 7118 1718 9480 282 5117 3453 4528 6652 9319 7776 82 6142 4887 1752 9264 3714 5878 1811 8637 2070 5695 7809 8935 9716 9393 1717 8740 6733 2483 7489 2736 2180 9594 1403 2834 8929 8992 4999 4085 885 4497 8528 4839 6893 521 8348 9778 1574 3324 4902 6276 810 1241 7361 8729 7288 9441 9575 337 6345 2654 9555 4956 4895 2951 5140 437 9133 21 8090 1113 9676 9612 3473 7010 562 7336 4615 9424 7396 7181 2557 1166 1816 9185 2172 7890 5188 5124 7591 1855 7947 2502 9909 2257
9234 8257 9706 1981 1146 5161 5466 9034 498 3352 6935 7326 5241 7780 1684 5372 5094 756 1728 3979 8839 1411 374 3939 3948 1261 8902 7641 4772 6436 1248 5336 4540 8005 4417 6105 4421 9390 3781 6973 1251 5071 8911 9751 4397 7433 6655 7076 7642 7401 9699 6493 6393 1875 8392 8882 7227 8881 4199 3328 137 2293 5167 9199 2044 8863 9594 6348 5990 2774 6335 2630 2759 5243 9342 7020 7621 2612 5529 220 6082 4835 4055 7984 9405 4024 5081 9176 6470 2862 6545 2970 2330 1969 6603 6288 349 5115 9751 1715 1297 8441 8082 9873 2934 7841 5972 6788 8516 2802 3211 3876 6431 9973 6642 9012 8068 4839 7917 6868 7354 3641 4459 3620 4129 8670 2240 5249
3090 7509 2541 7958 1136 602 9539 606 4811 1215 4858 7099 1886 8473 2289 6148 8508 166 7669 441 58 6426 3208 5219 7547 1092 9721 5323 7247 4626 3865 9013 7744 2451 7571 1890 8494 1487 6705 9038 2179 7420 8718 6597 6260 4849 6853 3077 393 7927 5841 9451 2362 679 4553 1961 458 5663 2564 1344 2271 3401 2811 9451 7089 6943 9676 805 3226 752 8208 446 5960 9517 5526 994 2411 1902 214 868 3133 9048 7766 6433 7027 8043 5450 3711 4272 4369 6072 7097 2527 4260 8482 3449 8337 7048 1091 8026 9028 813 723 7519 1882 6846 6661 2560 8141 3120 5462 8303 5035 766 797 7368 480 7267 4971 6161 8909 8480 7925 2272 924 7671 6160 4379
7775 4116 3386 7304 1300 7715 7953 2526 8273 9851 2987 4989 8244 3914 8006 9542 6506 7361 7625 490 3363 9857 7068 7475 4074 7742 9334 8613 9312 3305 1327 4738 143 7526 6138 1254 2814 3850 5153 3968 4101 9311 8076 4054 3124 3036 598 8874 6432 7107 7277 1430 3933 6800 7684 722 1919 9799 698 8810 7150 6348 3780 4751 4741 5421 5362 6305 2223 5067 9188 2338 7045 2970 9379 3229 2082 7318 4654 5293 5620 2122 6777 4370 1288 6203 7291 8069 7085 2815 610 9898 6834 8193 9030 3329 6620 5566 9031 8208 8566 9419 1626 1731 2294 549 2939 8593 3246 1925 1502 4085 1353 3237 9600 1208 6998 2924 1027 9409 2005 9934 7511 4805 2894 2566 9213 5990
3074 9734 8869 1778 745 9723 2264 7480 8342 7505 8367 9070 2807 4823 6608 5099 7833 1307 5666 4767 4111 7165 738 6180 842 8799 5863 8572 5660 7938 9611 9498 7282 7476 3686 6155 5805 3349 9341 6539 3849 1041 3590 4015 8115 9094 377 9916 172 9669 4725 9271 8719 2357 4705 1272 1176 5313 3787 4494 6880 3271 8252 2881 6591 121 366 5246 3319 8797 6193 3191 1794 9895 5840 8790 3590 3515 6706 2914 1330 3319 5690 2919 147 9123 4985 2336 1158 1192 3125 8937 601 353 7825 9738 504 8359 9667 199 8622 4860 8238 1971 7619 2035 8579 6201 7662 8900 1544 2123 2131 9282 1889 3696 6704 1337 4396 3702 7989 831 3932 7211 4302 3734 3016 585
7372 99 4041 5736 3128 3734 709 6658 7705 9600 2721 4732 3765 90 5425 7152 6091 7158 2799 8281 6200 6464 4655 5985 8823 6103 8383 7616 7148 4181 9884 8836 4806 4032 1519 1629 7810 5608 9192 3239 1709 8517 2455 5575 9742 3807 8055 9893 4836 5914 1829 3103 2343 966 2143 6087 4851 6955 3514 2815 9003 4623 9327 1551 6116 3527 2553 484 6071 6200 3854 9187 6593 1137 8747 7607 5817 4075 2569 2509 4718 4430 7775 4269 1526 1903 9918 1707 9344 2642 1128 4049 7171 3896 3474 6070 5372 6 8822 6527 8267 3524 9489 9378 8836 8753 9109 7255 4412 4972 5036 438 9800 7417 7800 3996 2855 2419 8748 7143 9146 5049 6186 7090 8740 8257 7900 2455
5580 3577 4998 4255 530 7618 7021 5859 8526 2153 1787 5304 9270 1847 2652 6438 2909 4686 1543 2873 5297 135 7594 7894 987 2905 1309 8890 1937 3352 8290 5503 908 4074 1712 1411 6923 9335 391 6699 9525 3817 770 1024 5152 2881 9687 4035 8249 6041 1863 923 2062 1889 5690 70 5036 4170 5006 7113 5918 9438 303 474 5554 6310 6862 8962 6954 9402 933 3258 9848 6176 3559 1415 788 7771 9231 178 249 6296 686 352 2060 6987 9438 3545 1615 5851 6623 4635 5727 8924 9604 9470 7727 1639 3852 7295 8172 5630 9959 2036 7689 7702 7832 8548 3509 8928 9154 909 6144 991 7967 4744 1034 858 9086 4446 2796 5883 163 9169 4918 8890 4578 5725
3724 1329 3843 8149 6052 5827 8977 7750 8467 4269 145 6303 9606 4218 3522 8043 2965 9302 3019 5205 1138 9273 6748 46 304 8126 7474 3309 780 8081 822 6887 9661 8927 2400 9845 3714 4498 3244 7110 4664 564 5259 9674 9471 2903 5274 7843 9274 329 1489 6013 1010 5287 7898 2291 70 8789 437 9483 9081 8467 9661 2984 7342 9175 9597 7706 8119 9010 1807 2640 9705 884 5761 5319 3178 2880 1003 6353 6520 7164 8474 8749 9171 9560 5909 8697 5126 2144 2857 3694 5704 6242 1193 4864 4195 7290 5371 4050 1380 810 6214 1166 6721 7460 702 2283 1808 7779 5817 4233 6218 4924 5137 9080 4545 4671 8081 1537 5366 4182 1074 793 3957 3198 7608 6952
9138 5111 4225 3120 5 8928 3928 248 268 3989 9187 9636 7805 6883 8528 697 8444 5314 1919 9890 2907 1252 6460 6163 3660 1651 7846 8008 3891 2005 7905 9893 1484 3502 7610 4847 4120 7115 2702 3482 7797 1779 2771 8414 9651 6565 5510 2971 7334 8005 6559 4369 8077 8484 3951 329 2572 79 8239 334 6917 8564 8799 8733 1071 8134 6317 9319 2535 3927 882 2071 7828 1422 8744 3040 7156 5299 5531 8010 4444 7366 4278 3413 6627 3659 5537 6340 5755 8428 4078 466 8787 4831 3979 2091 9750 6766 7589 1707 3786 254 8598 6732 6941 1440 2462 3434 5905 2245 3314 3477 3332 2813 724 909 6258 4059 6117 9466 2630 8252 5884 7605 1675 8512 847 4033
2231 3732 7717 2524 2333 5574 8099 3173 4142 879 8258 2616 1345 6165 5715 2889 2495 6052 4866 3226 8129 5973 1146 9200 1857 9530 3906 7350 4542 3702 1431 5207 2767 2262 3463 703 1488 9887 7292 5822 4280 4067 7235 4806 6629 9772 3018 250 470 4329 4822 8455 2251 1579 1210 1059 7686 92 6510 8668 9483 146 7341 8082 1108 3676 1183 3717 5856 1619 7698 1047 9344 8680 9205 8551 2568 421 5651 8578 2084 5886 1368 230 5448 5586 2126 2797 1115 8378 8843 396 3957 4025 4859 5214 2127 6572 8379 9228 6840 4496 954 5611 7620 2780 9434 2130 3868 8939 2991 1496 792 1911 6941 9413 9930 7797 7542 9876 1582 7033 8820 4941 9360 2313 4955 8713
