32 32
8274 4248 45 3946 2867 6294 2107 2203 913 7721 7945 6704 5588 3673 9706 5417 3370 6199 8588 2219 1527 288 1838 9062 6903 9186 9630 5505 2565 6588 969 3041
5882 6200 1782 6967 2006 6281 7843 6960 1542 9920 7008 2279 7385 8154 6304 4866 3111 8864 7771 5734 1909 5525 330 8387 3665 1684 3017 5021 7253 1991 5055 9826
4475 8044 8533 3757 1921 7154 682 6869 5412 8837 5640 8562 3290 3546 711 1000 4333 9038 913 1945 4269 3315 4462 157 4724 2294 8513 2659 8982 834 1734 229
133 363 5978 1595 7287 7488 2334 9899 5809 2665 6683 5289 8633 6677 5314 5693 1578 3198 8814 9435 4777 602 909 1814 2729 6561 9523 3061 1027 5178 9 3113
5517 5135 6469 4403 8721 3446 2875 952 8428 1260 501 9882 6491 5271 402 3183 1725 9131 5575 561 7975 4539 6151 2471 3925 306 2483 7801 9381 1277 9868 9103
1585 7526 8390 1907 8480 4704 6853 6371 4273 4578 7776 6513 2474 2785 2642 6999 4870 9821 7685 3303 4840 7982 4377 5875 6920 8837 6844 5295 3391 2591 5237 4685
1640 5521 3055 6024 570 4877 6213 4752 8699 9959 6551 879 1870 2979 9927 7972 7226 2403 5014 6791 9504 9382 9742 8905 277 6810 7908 5806 1248 7583 5731 6172
3624 5220 8729 2061 2069 4332 9192 5134 9228 5818 9929 4120 1386 3388 4569 9874 9105 7324 5460 6388 5395 377 6561 4140 3821 6237 1690 9990 2416 372 4522 9218
7612 4162 1640 4227 8765 6419 9645 2386 7633 8273 6376 2709 5029 3990 4507 5285 3491 4260 2212 3258 4868 3870 8415 1508 9747 1395 5222 1995 4499 1850 6216 1127
2067 9845 6729 8559 6973 4844 402 3362 2793 1475 3361 7666 8342 47 3408 918 6586 4134 1812 162 4599 9084 6767 4260 1968 7200 8050 3558 188 3536 3483 9769
4617 4227 9402 3876 5876 2926 2060 8975 7446 5991 7366 6079 4137 4220 3185 7147 375 9185 8507 5815 3156 6170 6016 3614 8574 1190 5353 3922 8132 5716 8504 2545
3339 7867 8625 1762 4867 4905 3306 5264 2921 1082 8385 6046 8608 9852 6107 9537 8466 2150 9347 6340 4765 8069 6009 3118 1593 4431 5158 2154 1078 6619 5913 7973
3147 8216 3224 5165 8519 9977 2826 5420 7463 8654 9935 5861 1840 6197 8706 5567 5842 9037 5459 8121 4741 443 6297 3727 1964 6329 4041 9606 5 4707 4100 5242
5944 5077 6401 9099 1799 5038 9808 1667 2179 1223 2900 3742 8866 8178 4338 5769 355 6663 2038 7258 1445 2883 1086 6670 7323 3063 7896 3086 5385 6027 2563 8347
2819 4904 6755 3758 7602 3541 2032 4437 8597 674 758 6148 7680 6013 693 8546 7887 6951 3097 4127 5724 6372 821 3576 6071 5601 6390 8450 7619 1102 3410 2134
1916 7716 7498 5730 1093 4633 7543 9296 8136 393 9706 3441 780 1558 363 794 5579 6661 2442 8803 3260 7407 5280 1271 3213 543 1595 3075 8811 4089 9603 7631
9359 6891 731 2886 6196 6678 7867 1582 4486 4414 6916 8014 6924 135 9654 5825 6719 9624 5370 3221 5584 178 5036 5258 2080 7132 7088 8710 2208 2278 4097 3199
1526 2989 1689 658 5444 9715 1287 7402 2872 5950 5535 2919 3878 5047 9982 3570 2278 9431 2304 1171 1159 9132 2416 2152 3861 8194 4185 6552 4743 8380 4990 2572
1097 4789 2056 8010 8912 8426 6640 902 6679 9903 1570 4691 2674 3581 9581 3838 1002 9686 1729 7160 6210 9358 3545 3069 618 8466 7573 1058 3966 8801 999 7551
1907 1066 7920 5033 670 1928 5684 3878 5508 7914 6796 2626 3711 3013 7323 852 470 6231 3604 3375 3664 3158 4738 9920 7525 3551 3027 6813 4982 2047 3355 8805
5136 4742 811 8606 8500 6625 909 9660 1834 6370 1969 5073 6473 9634 5577 9476 3109 2408 9183 7555 8429 5060 8928 1406 853 1303 1715 5129 4228 8054 4257 2849
618 5528 221 6805 1290 8358 9287 7743 9472 4167 3549 2023 54 1777 6097 5926 9153 6150 7478 6411 4398 9024 3367 3427 6055 3625 7049 12 9910 1488 2472 7155
1430 6647 7250 3481 2132 8208 473 8755 5476 6634 8690 9513 9586 2431 3431 5260 4524 2076 1729 8990 8770 644 4041 5590 2112 670 1482 7337 9100 9139 8679 453
9789 2829 4591 445 3108 3713 2117 5424 9070 8137 834 3473 124 3462 4985 8418 3604 784 1802 2807 660 6726 8008 4083 6527 3240 9306 2031 7274 7117 8303 5541
6668 9991 4687 6190 1168 5330 6595 2941 733 1839 357 801 6635 8473 1025 9681 1447 9840 3725 7551 2669 583 8478 9855 5780 1976 3266 9741 1659 6483 9543 3638
4539 9050 8372 9895 8448 7054 4264 4263 7536 8486 4126 3900 6536 1073 9078 6673 7247 6767 9157 7689 6434 6750 1889 4844 2031 2217 8272 3893 5983 8694 9379 7185
652 8509 8003 4656 8369 9466 9643 5253 2331 7634 5265 8960 4395 5689 646 5643 7784 9139 3073 241 7392 6770 5306 6308 7161 795 1193 4653 1694 4459 3286 6377
9145 7580 8522 1547 3848 1484 3238 6087 8074 7047 4466 3291 6560 9750 2648 5533 3234 7780 1194 9198 2227 7298 8557 7872 1486 7241 472 2883 8493 1714 5179 1973
1932 8935 8113 6398 2925 7068 6565 279 3950 3415 807 7217 5623 9056 4681 6146 1191 3113 4349 3033 472 2226 20 3102 2843 2569 5168 5541 2148 4427 8249 2825
1128 4829 8540 6165 3443 7510 1169 5377 6189 7431 4950 5728 7270 3270 6326 8497 8771 9165 8332 5533 6130 9413 8703 640 7031 821 794 7884 1465 8431 6901 1992
4497 3541 257 9086 4935 7826 4942 5373 7303 4337 4479 9730 9763 7337 9807 1789 4571 8614 1467 6962 2777 791 5243 3895 9385 4495 3213 2165 4619 4047 9709 7309
3595 791 8098 3700 3172 3255 6223 9544 6145 7034 8274 5733 769 830 6730 5430 9821 4013 6494 8809 8576 8855 661 1329 438 4393 5413 6945 211 9171 9721 5145
