32 32
4727 1288 2254 9099 1129 8768 334 9602 9621 3770 1391 784 8185 1430 4461 6157 9754 5404 7854 7054 6665 762 8917 8783 5959 1947 4549 2824 2172 385 5108 3074
1205 8505 6222 5603 7743 1402 808 6287 1093 768 3991 9777 3227 9680 7528 6648 59 4993 4313 1336 9975 1273 6898 216 1513 6844 5933 483 5857 2782 7403 5190
3607 4192 8117 8081 7526 6000 8087 4358 9045 5466 1572 7596 5765 400 5687 594 9093 7660 3204 5463 765 6718 7660 2952 7860 1418 1172 5126 755 3250 2587 8294
8451 2452 3567 9410 9024 7724 8810 922 6439 4724 1936 1479 7735 8621 3894 7352 3891 3259 6674 6437 972 9241 6863 4539 9592 7761 6264 5658 1783 758 6092 3106
3935 618 1332 9541 5266 5307 2826 1259 2181 9268 2672 6009 9715 3698 2370 1172 2476 2726 3894 2075 2844 6210 5667 1113 3093 1933 7470 9110 1879 8032 8333 4362
3430 7507 7213 5982 9492 7585 3895 8670 6623 1837 1730 4916 9608 8900 431 1616 7041 3323 2507 1573 6224 2045 9718 5020 5837 3184 1335 4507 4826 6035 5668 7252
9087 4102 1020 9083 3155 6205 9449 2564 9669 1527 2024 5006 286 2209 3978 340 9666 300 626 3927 5333 1651 3259 8944 4736 9143 3311 3816 2810 5450 4451 6858
9268 7797 7437 3039 6856 6522 7915 1628 3381 8248 1754 355 7705 2512 2051 5646 1790 4708 1771 9598 332 7954 9505 5785 3850 5333 5830 28 4175 1026 2869 1744
2207 265 7186 436 8156 8865 1328 3129 1956 3150 332 330 7384 5997 701 3385 9853 8006 671 6953 7643 9595 6188 1435 1074 3186 9449 1249 4973 3855 4745 3880
719 4513 8157 8165 6638 1430 384 913 5343 9185 5303 4400 6625 2835 865 6581 3478 9366 8537 1227 1506 7591 7140 3537 4950 702 4640 7685 9209 229 7084 3006
5414 4018 2839 726 3849 3940 53 7708 6838 3562 3469 5433 9141 8775 7783 6781 7749 8052 4769 5420 4316 3640 1694 5455 6545 4141 4708 1457 2097 5893 8542 7588
3800 3676 7461 1366 6690 8567 511 5083 6858 3984 286 6590 5109 5058 9442 5741 9673 6172 6259 2195 5607 3054 172 7823 4355 3938 5131 8575 423 7061 5715 8454
4624 6416 3907 3025 3277 9796 8280 9969 5789 7985 480 7793 5533 2895 1578 5717 3293 5196 6111 2818 3094 7132 8840 4454 9346 6111 5900 9168 1571 6330 51 7763
6638 1117 8910 3354 2034 6790 5874 1570 1073 6646 6105 9445 4330 1408 8155 668 692 22 4821 3501 5237 8967 6355 4279 103 4257 4076 517 2573 2753 56 4608
4913 1123 6983 4309 734 9520 4012 6818 6116 5848 2472 360 4915 2392 4462 740 2583 7861 4950 20 7369 3 6471 6476 1679 6189 675 9367 8953 1949 1378 7738
379 4344 8931 3597 1523 2766 6057 7473 9560 3494 9793 48 9805 6357 6864 9523 8158 8804 2944 1717 9217 8826 4149 1327 5511 1972 7585 8168 7163 9080 8491 4015
479 9974 3211 7532 1663 1039 4783 3693 7745 7518 5658 1845 498 1616 2482 1840 5955 5825 9564 62 1000 7578 5398 5235 3432 4095 8299 7467 8884 2668 4929 4367
2315 9295 5757 5414 1584 1345 1229 2092 4558 8205 381 8961 9905 1028 3081 8783 5747 6526 7442 6178 2109 9312 7235 428 654 7404 6678 2381 2165 1410 6482 3191
108 2044 4363 3563 2296 3500 7385 8960 8702 1708 1275 2812 7441 1670 9988 8996 4578 5557 4466 5420 4498 3970 1455 7804 3111 7593 6399 2495 5036 1473 5082 3560
7907 7500 9417 1436 5049 192 3340 6097 2808 8275 3551 2557 6652 9150 5064 9641 563 5797 2421 3264 3126 4792 510 2389 3084 9092 8600 3497 9472 8429 1097 3840
6761 3705 6790 2369 4974 904 2009 4764 3295 8806 6339 4516 9246 1835 3191 7278 3036 6952 1169 232 8533 6369 8326 8059 8027 7500 1047 9914 2267 9794 7237 2256
3736 2208 208 9015 7150 4631 3354 3669 4629 8735 7019 5921 1707 9343 9865 3615 7722 3145 9996 8892 5175 705 3855 788 4913 7980 122 9151 5508 514 1602 9793
1946 6443 4668 3338 8839 3423 6918 4153 9133 4188 1643 6713 9298 9353 7038 7862 4736 9190 2284 740 3263 5301 2 1363 7340 5866 8801 4052 3268 5039 1480 1817
1839 3138 52 6243 1759 5864 8858 8879 5015 8953 9979 6929 8040 1683 3825 5745 4123 1091 3864 3367 997 4830 889 6536 5198 3023 5188 6072 4941 5634 2531 8548
3907 5276 3366 3441 3842 7338 4912 5358 973 2390 267 6061 1408 8348 2372 7452 4467 1514 8461 8693 9291 3921 3445 7838 2008 5133 8309 8959 5168 7782 7630 4724
5864 9628 8500 6095 2551 9056 2664 8658 2727 2073 9405 2063 311 5607 5379 5767 6895 9345 3439 8025 5395 1874 1556 7347 7566 3346 7062 8840 6190 2131 381 8927
4801 3354 9803 7963 3596 1205 5129 638 9221 1098 3138 4316 6893 3473 8086 4121 6323 7719 9785 4149 5281 111 1055 3117 4102 3440 3060 3727 5508 3012 4797 5621
9419 8055 9041 4482 580 2412 9994 6800 9276 6097 7930 9973 9414 9673 3832 6791 9141 1470 1355 4844 4212 4646 4466 8927 1103 6836 4700 6470 9563 5982 5000 5727
9804 6578 6452 3258 1152 1788 3062 778 1256 1463 1521 8272 6339 8128 5949 7338 3620 7590 4009 8289 4579 5948 8274 9614 5061 5310 6085 4003 8168 6828 8459 3990
905 5427 5677 3162 880 842 6441 5535 5411 951 626 4607 8303 9420 8736 7921 9109 5309 7124 1796 5722 6807 1057 3414 2267 7913 3253 542 5079 7188 5597 429
2375 1495 1730 1156 3990 540 4016 4519 5999 4539 1905 9047 4092 5524 6276 3991 9805 5195 8741 3727 1403 2464 5395 6662 8320 5349 2707 7230 8521 7390 7956 8432
7264 648 7878 9632 4866 6434 9405 6242 2227 1938 2821 3951 5238 2126 6202 371 4664 5808 2842 5143 8657 6681 1085 4063 9888 8695 4288 6584 8810 361 3434 4077
